91
1 0 0
0 0 1
1 1.39475e+08 0
2 0 0
0 0 1
1 1.07691e+08 0
3 0 0
0 0 1
1 7.73252e+07 0
4 0 0
0 0 1
1 5.72453e+07 0
5 0 0
0 0 1
1 4.49584e+07 0
6 0 0
0 0 1
1 3.54691e+07 0
7 0 0
0 0 1
1 2.78857e+07 0
8 0 0
0 0 1
1 2.29958e+07 0
9 0 0
0 0 1
1 1.97534e+07 0
10 0 0
0 0 1
1 1.67702e+07 0
11 0 0
0 0 1
1 1.44083e+07 0
12 0 0
0 0 1
1 1.32603e+07 0
13 0 0
0 0 1
1 1.24781e+07 0
14 0 0
0 0 1
1 1.12288e+07 0
15 0 0
0 0 1
1 1.01625e+07 0
16 0 0
0 0 1
1 9.95736e+06 0
17 0 0
0 0 1
1 9.79697e+06 0
18 0 0
0 0 1
1 8.66769e+06 0
19 0 0
0 0 1
1 6.99786e+06 0
20 0 0
0 0 1
1 5.7469e+06 0
21 0 0
0 0 1
1 4.88956e+06 0
22 0 0
0 0 1
1 3.9807e+06 0
23 0 0
0 0 1
1 3.28703e+06 0
24 0 0
0 0 1
1 3.18056e+06 0
25 0 0
0 0 1
1 3.18497e+06 0
26 0 0
0 0 1
1 2.72882e+06 0
27 0 0
0 0 1
1 2.18017e+06 0
28 0 0
0 0 1
1 2.12305e+06 0
29 0 0
0 0 1
1 2.24401e+06 0
30 0 0
0 0 1
1 1.93223e+06 0
-1 0 0
