91
1 0 0
0 0 1
1 3.58478e+08 0
2 0 0
0 0 1
1 3.13307e+08 0
3 0 0
0 0 1
1 2.69676e+08 0
4 0 0
0 0 1
1 2.28509e+08 0
5 0 0
0 0 1
1 1.90602e+08 0
6 0 0
0 0 1
1 1.56253e+08 0
7 0 0
0 0 1
1 1.2516e+08 0
8 0 0
0 0 1
1 9.77558e+07 0
9 0 0
0 0 1
1 7.55811e+07 0
10 0 0
0 0 1
1 5.9615e+07 0
11 0 0
0 0 1
1 4.89576e+07 0
12 0 0
0 0 1
1 4.16755e+07 0
13 0 0
0 0 1
1 3.62702e+07 0
14 0 0
0 0 1
1 3.18464e+07 0
15 0 0
0 0 1
1 2.76382e+07 0
16 0 0
0 0 1
1 2.32459e+07 0
17 0 0
0 0 1
1 1.90388e+07 0
18 0 0
0 0 1
1 1.56325e+07 0
19 0 0
0 0 1
1 1.30705e+07 0
20 0 0
0 0 1
1 1.09423e+07 0
21 0 0
0 0 1
1 9.06605e+06 0
22 0 0
0 0 1
1 7.55097e+06 0
23 0 0
0 0 1
1 6.34454e+06 0
24 0 0
0 0 1
1 5.22136e+06 0
25 0 0
0 0 1
1 4.17376e+06 0
26 0 0
0 0 1
1 3.39426e+06 0
27 0 0
0 0 1
1 2.88599e+06 0
28 0 0
0 0 1
1 2.4437e+06 0
29 0 0
0 0 1
1 2.00385e+06 0
30 0 0
0 0 1
1 1.68566e+06 0
-1 0 0
