DU=C:/Bruker/XWIN-NMR, USER=cui, NAME=expnmr_00372, EXPNO=1, PROCNO=1
F1=8.112ppm, F2=-0.388ppm, MI=0.12cm, MAXI=36.00cm, PC=3.000
     #     ADDRESS            FREQUENCY         INTENSITY
                           [Hz]        [PPM]
     1     20667.4     3698.824       7.4000         8.62
     2     20749.1     3690.101       7.3826         9.22
     3     21307.5     3630.434       7.2632        12.50
     4     21923.4     3564.619       7.1315         9.56
     5     21944.6     3562.355       7.1270         9.70
     6     23198.4     3428.382       6.8590         5.46
     7     23220.1     3426.064       6.8543         5.24
     8     23280.0     3419.662       6.8415         5.22
     9     23301.7     3417.339       6.8369         4.94
    10     33109.3     2369.361       4.7402         0.24
    11     36459.8     2011.343       4.0240         4.87
    12     36504.5     2006.563       4.0144         5.83
    13     36535.6     2003.242       4.0078         6.06
    14     36580.2     1998.479       3.9982         5.41
    15     39300.4     1707.812       3.4167         4.59
    16     39344.7     1703.084       3.4073         4.64
    17     39444.0     1692.465       3.3860         6.60
    18     39488.4     1687.724       3.3765         6.32
    19     40104.9     1621.848       3.2447         6.71
    20     40180.9     1613.723       3.2285         6.58
    21     40248.7     1606.480       3.2140         5.00
    22     40324.6     1598.369       3.1978         4.75
    23     41617.8     1460.184       2.9213         0.24
    24     41692.7     1452.186       2.9053         0.26
    25     41767.2     1444.226       2.8894         0.26
    26     47071.9      877.397       1.7554         0.18
    27     52320.1      316.599       0.6334         0.21
    28     52400.5      308.007       0.6162         0.19
    29     52479.4      299.581       0.5994         0.22
    30     55282.6        0.050       0.0001         3.12
