91
1 0 0
0 0 1
1 2.80145e+08 0
2 0 0
0 0 1
1 2.35697e+08 0
3 0 0
0 0 1
1 1.9914e+08 0
4 0 0
0 0 1
1 1.68925e+08 0
5 0 0
0 0 1
1 1.431e+08 0
6 0 0
0 0 1
1 1.22376e+08 0
7 0 0
0 0 1
1 1.0658e+08 0
8 0 0
0 0 1
1 9.36367e+07 0
9 0 0
0 0 1
1 8.23299e+07 0
10 0 0
0 0 1
1 7.3053e+07 0
11 0 0
0 0 1
1 6.57337e+07 0
12 0 0
0 0 1
1 5.93683e+07 0
13 0 0
0 0 1
1 5.37022e+07 0
14 0 0
0 0 1
1 4.93278e+07 0
15 0 0
0 0 1
1 4.5916e+07 0
16 0 0
0 0 1
1 4.21176e+07 0
17 0 0
0 0 1
1 3.75076e+07 0
18 0 0
0 0 1
1 3.31138e+07 0
19 0 0
0 0 1
1 2.96988e+07 0
20 0 0
0 0 1
1 2.68473e+07 0
21 0 0
0 0 1
1 2.40761e+07 0
22 0 0
0 0 1
1 2.16121e+07 0
23 0 0
0 0 1
1 1.96506e+07 0
24 0 0
0 0 1
1 1.78779e+07 0
25 0 0
0 0 1
1 1.61461e+07 0
26 0 0
0 0 1
1 1.47556e+07 0
27 0 0
0 0 1
1 1.37391e+07 0
28 0 0
0 0 1
1 1.26625e+07 0
29 0 0
0 0 1
1 1.14122e+07 0
30 0 0
0 0 1
1 1.04045e+07 0
-1 0 0
