91
1 0 0
0 0 1
1 6.92299e+07 0
2 0 0
0 0 1
1 5.60084e+07 0
3 0 0
0 0 1
1 3.96632e+07 0
4 0 0
0 0 1
1 2.62905e+07 0
5 0 0
0 0 1
1 1.79886e+07 0
6 0 0
0 0 1
1 1.31705e+07 0
7 0 0
0 0 1
1 9.86993e+06 0
8 0 0
0 0 1
1 7.47872e+06 0
9 0 0
0 0 1
1 5.85787e+06 0
10 0 0
0 0 1
1 4.50661e+06 0
11 0 0
0 0 1
1 3.16821e+06 0
12 0 0
0 0 1
1 2.28644e+06 0
13 0 0
0 0 1
1 2.2236e+06 0
14 0 0
0 0 1
1 2.56018e+06 0
15 0 0
0 0 1
1 2.6566e+06 0
16 0 0
0 0 1
1 2.48054e+06 0
17 0 0
0 0 1
1 2.393e+06 0
18 0 0
0 0 1
1 2.42957e+06 0
19 0 0
0 0 1
1 2.29698e+06 0
20 0 0
0 0 1
1 1.91699e+06 0
21 0 0
0 0 1
1 1.50908e+06 0
22 0 0
0 0 1
1 1.17922e+06 0
23 0 0
0 0 1
1 825019 0
24 0 0
0 0 1
1 476591 0
25 0 0
0 0 1
1 371310 0
26 0 0
0 0 1
1 557576 0
27 0 0
0 0 1
1 694723 0
28 0 0
0 0 1
1 457840 0
29 0 0
0 0 1
1 4290 0
30 0 0
0 0 1
1 -185649 0
-1 0 0
