91
1 0 0
0 0 1
1 2.9932e+08 0
2 0 0
0 0 1
1 2.14851e+08 0
3 0 0
0 0 1
1 1.19851e+08 0
4 0 0
0 0 1
1 6.69076e+07 0
5 0 0
0 0 1
1 4.82612e+07 0
6 0 0
0 0 1
1 3.40399e+07 0
7 0 0
0 0 1
1 1.80537e+07 0
8 0 0
0 0 1
1 1.03943e+07 0
9 0 0
0 0 1
1 1.00123e+07 0
10 0 0
0 0 1
1 7.2699e+06 0
11 0 0
0 0 1
1 2.04701e+06 0
12 0 0
0 0 1
1 1.07382e+06 0
13 0 0
0 0 1
1 3.61185e+06 0
14 0 0
0 0 1
1 3.85955e+06 0
15 0 0
0 0 1
1 2.7316e+06 0
16 0 0
0 0 1
1 5.06075e+06 0
17 0 0
0 0 1
1 8.77087e+06 0
18 0 0
0 0 1
1 7.76491e+06 0
19 0 0
0 0 1
1 2.95012e+06 0
20 0 0
0 0 1
1 591778 0
21 0 0
0 0 1
1 1.62104e+06 0
22 0 0
0 0 1
1 1.51243e+06 0
23 0 0
0 0 1
1 -602661 0
24 0 0
0 0 1
1 -1.11231e+06 0
25 0 0
0 0 1
1 466930 0
26 0 0
0 0 1
1 726047 0
27 0 0
0 0 1
1 -869976 0
28 0 0
0 0 1
1 -1.25012e+06 0
29 0 0
0 0 1
1 77869 0
30 0 0
0 0 1
1 265410 0
-1 0 0
