91
1 0 0
0 0 1
1 3.25153e+08 0
2 0 0
0 0 1
1 2.34948e+08 0
3 0 0
0 0 1
1 1.69156e+08 0
4 0 0
0 0 1
1 1.24857e+08 0
5 0 0
0 0 1
1 9.0091e+07 0
6 0 0
0 0 1
1 6.2473e+07 0
7 0 0
0 0 1
1 4.2424e+07 0
8 0 0
0 0 1
1 2.96332e+07 0
9 0 0
0 0 1
1 2.17286e+07 0
10 0 0
0 0 1
1 1.70315e+07 0
11 0 0
0 0 1
1 1.43591e+07 0
12 0 0
0 0 1
1 1.35602e+07 0
13 0 0
0 0 1
1 1.39723e+07 0
14 0 0
0 0 1
1 1.54043e+07 0
15 0 0
0 0 1
1 1.5644e+07 0
16 0 0
0 0 1
1 1.35674e+07 0
17 0 0
0 0 1
1 1.05509e+07 0
18 0 0
0 0 1
1 8.21166e+06 0
19 0 0
0 0 1
1 6.50797e+06 0
20 0 0
0 0 1
1 5.28048e+06 0
21 0 0
0 0 1
1 4.21247e+06 0
22 0 0
0 0 1
1 3.47094e+06 0
23 0 0
0 0 1
1 2.86634e+06 0
24 0 0
0 0 1
1 2.509e+06 0
25 0 0
0 0 1
1 2.20046e+06 0
26 0 0
0 0 1
1 2.00669e+06 0
27 0 0
0 0 1
1 1.7899e+06 0
28 0 0
0 0 1
1 1.64098e+06 0
29 0 0
0 0 1
1 1.4191e+06 0
30 0 0
0 0 1
1 1.26017e+06 0
-1 0 0
