91
1 0 0
0 0 1
1 2.39941e+07 0
2 0 0
0 0 1
1 1.89837e+07 0
3 0 0
0 0 1
1 1.48905e+07 0
4 0 0
0 0 1
1 1.19209e+07 0
5 0 0
0 0 1
1 9.5843e+06 0
6 0 0
0 0 1
1 7.76662e+06 0
7 0 0
0 0 1
1 6.52248e+06 0
8 0 0
0 0 1
1 5.60407e+06 0
9 0 0
0 0 1
1 4.70755e+06 0
10 0 0
0 0 1
1 3.85748e+06 0
11 0 0
0 0 1
1 3.21687e+06 0
12 0 0
0 0 1
1 2.75839e+06 0
13 0 0
0 0 1
1 2.37766e+06 0
14 0 0
0 0 1
1 2.11367e+06 0
15 0 0
0 0 1
1 2.00879e+06 0
16 0 0
0 0 1
1 1.9185e+06 0
17 0 0
0 0 1
1 1.68582e+06 0
18 0 0
0 0 1
1 1.37527e+06 0
19 0 0
0 0 1
1 1.14036e+06 0
20 0 0
0 0 1
1 978545 0
21 0 0
0 0 1
1 801036 0
22 0 0
0 0 1
1 633885 0
23 0 0
0 0 1
1 558063 0
24 0 0
0 0 1
1 531553 0
25 0 0
0 0 1
1 452401 0
26 0 0
0 0 1
1 339639 0
27 0 0
0 0 1
1 286403 0
28 0 0
0 0 1
1 282238 0
29 0 0
0 0 1
1 240409 0
30 0 0
0 0 1
1 165322 0
-1 0 0
