91
1 0 0
0 0 1
1 1.53466e+07 0
2 0 0
0 0 1
1 1.226e+07 0
3 0 0
0 0 1
1 9.39629e+06 0
4 0 0
0 0 1
1 7.16385e+06 0
5 0 0
0 0 1
1 5.5871e+06 0
6 0 0
0 0 1
1 4.49616e+06 0
7 0 0
0 0 1
1 3.71592e+06 0
8 0 0
0 0 1
1 3.13803e+06 0
9 0 0
0 0 1
1 2.70018e+06 0
10 0 0
0 0 1
1 2.35998e+06 0
11 0 0
0 0 1
1 2.09466e+06 0
12 0 0
0 0 1
1 1.88974e+06 0
13 0 0
0 0 1
1 1.71071e+06 0
14 0 0
0 0 1
1 1.51204e+06 0
15 0 0
0 0 1
1 1.29175e+06 0
16 0 0
0 0 1
1 1.10713e+06 0
17 0 0
0 0 1
1 1.00644e+06 0
18 0 0
0 0 1
1 967646 0
19 0 0
0 0 1
1 936487 0
20 0 0
0 0 1
1 901813 0
21 0 0
0 0 1
1 891147 0
22 0 0
0 0 1
1 909474 0
23 0 0
0 0 1
1 934196 0
24 0 0
0 0 1
1 967060 0
25 0 0
0 0 1
1 1.04102e+06 0
26 0 0
0 0 1
1 1.17196e+06 0
27 0 0
0 0 1
1 1.35156e+06 0
28 0 0
0 0 1
1 1.59688e+06 0
29 0 0
0 0 1
1 1.96132e+06 0
30 0 0
0 0 1
1 2.48644e+06 0
-1 0 0
