91
1 0 0
0 0 1
1 4.80359e+08 0
2 0 0
0 0 1
1 3.84759e+08 0
3 0 0
0 0 1
1 2.85812e+08 0
4 0 0
0 0 1
1 2.09055e+08 0
5 0 0
0 0 1
1 1.55453e+08 0
6 0 0
0 0 1
1 1.15466e+08 0
7 0 0
0 0 1
1 8.46348e+07 0
8 0 0
0 0 1
1 6.32365e+07 0
9 0 0
0 0 1
1 4.92929e+07 0
10 0 0
0 0 1
1 3.89406e+07 0
11 0 0
0 0 1
1 3.10671e+07 0
12 0 0
0 0 1
1 2.6767e+07 0
13 0 0
0 0 1
1 2.54207e+07 0
14 0 0
0 0 1
1 2.47546e+07 0
15 0 0
0 0 1
1 2.38463e+07 0
16 0 0
0 0 1
1 2.31443e+07 0
17 0 0
0 0 1
1 2.21603e+07 0
18 0 0
0 0 1
1 1.9728e+07 0
19 0 0
0 0 1
1 1.61858e+07 0
20 0 0
0 0 1
1 1.30708e+07 0
21 0 0
0 0 1
1 1.08263e+07 0
22 0 0
0 0 1
1 8.68192e+06 0
23 0 0
0 0 1
1 6.56313e+06 0
24 0 0
0 0 1
1 5.27264e+06 0
25 0 0
0 0 1
1 4.84048e+06 0
26 0 0
0 0 1
1 4.38668e+06 0
27 0 0
0 0 1
1 3.68171e+06 0
28 0 0
0 0 1
1 3.33645e+06 0
29 0 0
0 0 1
1 3.3731e+06 0
30 0 0
0 0 1
1 3.06371e+06 0
-1 0 0
