91
1 0 0
0 0 1
1 2.07215e+06 0
2 0 0
0 0 1
1 1.70587e+06 0
3 0 0
0 0 1
1 1.2645e+06 0
4 0 0
0 0 1
1 844552 0
5 0 0
0 0 1
1 489573 0
6 0 0
0 0 1
1 239666 0
7 0 0
0 0 1
1 113028 0
8 0 0
0 0 1
1 83437 0
9 0 0
0 0 1
1 95001 0
10 0 0
0 0 1
1 88084 0
11 0 0
0 0 1
1 34107 0
12 0 0
0 0 1
1 -31501 0
13 0 0
0 0 1
1 -42486 0
14 0 0
0 0 1
1 6039 0
15 0 0
0 0 1
1 38291 0
16 0 0
0 0 1
1 1311 0
17 0 0
0 0 1
1 -59642 0
18 0 0
0 0 1
1 -70377 0
19 0 0
0 0 1
1 -27354 0
20 0 0
0 0 1
1 18098 0
21 0 0
0 0 1
1 32821 0
22 0 0
0 0 1
1 11360 0
23 0 0
0 0 1
1 -45517 0
24 0 0
0 0 1
1 -111029 0
25 0 0
0 0 1
1 -131638 0
26 0 0
0 0 1
1 -98886 0
27 0 0
0 0 1
1 -82425 0
28 0 0
0 0 1
1 -137446 0
29 0 0
0 0 1
1 -220185 0
30 0 0
0 0 1
1 -253183 0
-1 0 0
