91
1 0 0
0 0 1
1 2.42794e+08 0
2 0 0
0 0 1
1 1.64429e+08 0
3 0 0
0 0 1
1 8.87307e+07 0
4 0 0
0 0 1
1 5.47044e+07 0
5 0 0
0 0 1
1 3.73551e+07 0
6 0 0
0 0 1
1 2.72422e+07 0
7 0 0
0 0 1
1 2.04211e+07 0
8 0 0
0 0 1
1 1.62523e+07 0
9 0 0
0 0 1
1 1.42505e+07 0
10 0 0
0 0 1
1 1.39842e+07 0
11 0 0
0 0 1
1 1.33646e+07 0
12 0 0
0 0 1
1 1.25726e+07 0
13 0 0
0 0 1
1 1.02664e+07 0
14 0 0
0 0 1
1 7.12716e+06 0
15 0 0
0 0 1
1 4.79417e+06 0
16 0 0
0 0 1
1 3.63404e+06 0
17 0 0
0 0 1
1 2.81648e+06 0
18 0 0
0 0 1
1 2.26431e+06 0
19 0 0
0 0 1
1 2.01291e+06 0
20 0 0
0 0 1
1 1.81714e+06 0
21 0 0
0 0 1
1 1.57037e+06 0
22 0 0
0 0 1
1 1.58077e+06 0
23 0 0
0 0 1
1 1.35284e+06 0
24 0 0
0 0 1
1 900904 0
25 0 0
0 0 1
1 773145 0
26 0 0
0 0 1
1 562716 0
27 0 0
0 0 1
1 348411 0
28 0 0
0 0 1
1 336534 0
29 0 0
0 0 1
1 392861 0
30 0 0
0 0 1
1 443293 0
-1 0 0
