91
1 0 0
0 0 1
1 611662 0
2 0 0
0 0 1
1 481802 0
3 0 0
0 0 1
1 348911 0
4 0 0
0 0 1
1 261807 0
5 0 0
0 0 1
1 233545 0
6 0 0
0 0 1
1 226383 0
7 0 0
0 0 1
1 201753 0
8 0 0
0 0 1
1 167393 0
9 0 0
0 0 1
1 152642 0
10 0 0
0 0 1
1 157452 0
11 0 0
0 0 1
1 157256 0
12 0 0
0 0 1
1 145952 0
13 0 0
0 0 1
1 140998 0
14 0 0
0 0 1
1 150030 0
15 0 0
0 0 1
1 161297 0
16 0 0
0 0 1
1 165959 0
17 0 0
0 0 1
1 164665 0
18 0 0
0 0 1
1 153411 0
19 0 0
0 0 1
1 128168 0
20 0 0
0 0 1
1 103910 0
21 0 0
0 0 1
1 103807 0
22 0 0
0 0 1
1 125445 0
23 0 0
0 0 1
1 140096 0
24 0 0
0 0 1
1 131012 0
25 0 0
0 0 1
1 112748 0
26 0 0
0 0 1
1 106147 0
27 0 0
0 0 1
1 111973 0
28 0 0
0 0 1
1 117670 0
29 0 0
0 0 1
1 116884 0
30 0 0
0 0 1
1 114001 0
-1 0 0
