91
1 0 0
0 0 1
1 3.99237e+08 0
2 0 0
0 0 1
1 3.20395e+08 0
3 0 0
0 0 1
1 2.66275e+08 0
4 0 0
0 0 1
1 2.26096e+08 0
5 0 0
0 0 1
1 1.7982e+08 0
6 0 0
0 0 1
1 1.2893e+08 0
7 0 0
0 0 1
1 8.7561e+07 0
8 0 0
0 0 1
1 6.05675e+07 0
9 0 0
0 0 1
1 4.2538e+07 0
10 0 0
0 0 1
1 2.9816e+07 0
11 0 0
0 0 1
1 2.26932e+07 0
12 0 0
0 0 1
1 1.96966e+07 0
13 0 0
0 0 1
1 1.79488e+07 0
14 0 0
0 0 1
1 1.7345e+07 0
15 0 0
0 0 1
1 1.87428e+07 0
16 0 0
0 0 1
1 1.9879e+07 0
17 0 0
0 0 1
1 1.78232e+07 0
18 0 0
0 0 1
1 1.3772e+07 0
19 0 0
0 0 1
1 1.11252e+07 0
20 0 0
0 0 1
1 1.02096e+07 0
21 0 0
0 0 1
1 8.76825e+06 0
22 0 0
0 0 1
1 6.4409e+06 0
23 0 0
0 0 1
1 4.97028e+06 0
24 0 0
0 0 1
1 4.67295e+06 0
25 0 0
0 0 1
1 4.09972e+06 0
26 0 0
0 0 1
1 2.89541e+06 0
27 0 0
0 0 1
1 2.14117e+06 0
28 0 0
0 0 1
1 2.04008e+06 0
29 0 0
0 0 1
1 1.70334e+06 0
30 0 0
0 0 1
1 1.07943e+06 0
-1 0 0
