91
1 0 0
0 0 1
1 3.746e+08 0
2 0 0
0 0 1
1 3.01518e+08 0
3 0 0
0 0 1
1 2.38569e+08 0
4 0 0
0 0 1
1 1.88073e+08 0
5 0 0
0 0 1
1 1.3703e+08 0
6 0 0
0 0 1
1 9.12175e+07 0
7 0 0
0 0 1
1 6.57937e+07 0
8 0 0
0 0 1
1 5.71542e+07 0
9 0 0
0 0 1
1 4.79702e+07 0
10 0 0
0 0 1
1 3.37455e+07 0
11 0 0
0 0 1
1 2.43901e+07 0
12 0 0
0 0 1
1 2.30125e+07 0
13 0 0
0 0 1
1 2.15581e+07 0
14 0 0
0 0 1
1 1.69422e+07 0
15 0 0
0 0 1
1 1.52108e+07 0
16 0 0
0 0 1
1 1.79824e+07 0
17 0 0
0 0 1
1 1.85227e+07 0
18 0 0
0 0 1
1 1.40047e+07 0
19 0 0
0 0 1
1 9.99431e+06 0
20 0 0
0 0 1
1 9.70552e+06 0
21 0 0
0 0 1
1 9.02723e+06 0
22 0 0
0 0 1
1 5.48241e+06 0
23 0 0
0 0 1
1 2.94542e+06 0
24 0 0
0 0 1
1 3.81902e+06 0
25 0 0
0 0 1
1 4.54035e+06 0
26 0 0
0 0 1
1 2.58505e+06 0
27 0 0
0 0 1
1 914297 0
28 0 0
0 0 1
1 1.82996e+06 0
29 0 0
0 0 1
1 2.70508e+06 0
30 0 0
0 0 1
1 1.38859e+06 0
-1 0 0
