91
1 0 0
0 0 1
1 5.26685e+07 0
2 0 0
0 0 1
1 4.41395e+07 0
3 0 0
0 0 1
1 3.4474e+07 0
4 0 0
0 0 1
1 2.53829e+07 0
5 0 0
0 0 1
1 1.80528e+07 0
6 0 0
0 0 1
1 1.27428e+07 0
7 0 0
0 0 1
1 9.11342e+06 0
8 0 0
0 0 1
1 6.69236e+06 0
9 0 0
0 0 1
1 5.06006e+06 0
10 0 0
0 0 1
1 3.89554e+06 0
11 0 0
0 0 1
1 3.03038e+06 0
12 0 0
0 0 1
1 2.40865e+06 0
13 0 0
0 0 1
1 1.96277e+06 0
14 0 0
0 0 1
1 1.60005e+06 0
15 0 0
0 0 1
1 1.29546e+06 0
16 0 0
0 0 1
1 1.08106e+06 0
17 0 0
0 0 1
1 937550 0
18 0 0
0 0 1
1 802561 0
19 0 0
0 0 1
1 680844 0
20 0 0
0 0 1
1 628489 0
21 0 0
0 0 1
1 627933 0
22 0 0
0 0 1
1 599333 0
23 0 0
0 0 1
1 537001 0
24 0 0
0 0 1
1 507836 0
25 0 0
0 0 1
1 509998 0
26 0 0
0 0 1
1 469423 0
27 0 0
0 0 1
1 390882 0
28 0 0
0 0 1
1 368709 0
29 0 0
0 0 1
1 416950 0
30 0 0
0 0 1
1 432590 0
-1 0 0
