91
1 0 0
0 0 1
1 1.3309e+07 0
2 0 0
0 0 1
1 9.70757e+06 0
3 0 0
0 0 1
1 7.03347e+06 0
4 0 0
0 0 1
1 5.77713e+06 0
5 0 0
0 0 1
1 5.04288e+06 0
6 0 0
0 0 1
1 4.13077e+06 0
7 0 0
0 0 1
1 3.18827e+06 0
8 0 0
0 0 1
1 2.52841e+06 0
9 0 0
0 0 1
1 2.076e+06 0
10 0 0
0 0 1
1 1.65124e+06 0
11 0 0
0 0 1
1 1.30104e+06 0
12 0 0
0 0 1
1 1.1139e+06 0
13 0 0
0 0 1
1 1.00985e+06 0
14 0 0
0 0 1
1 901791 0
15 0 0
0 0 1
1 841585 0
16 0 0
0 0 1
1 855343 0
17 0 0
0 0 1
1 824333 0
18 0 0
0 0 1
1 668320 0
19 0 0
0 0 1
1 488300 0
20 0 0
0 0 1
1 401009 0
21 0 0
0 0 1
1 368705 0
22 0 0
0 0 1
1 307836 0
23 0 0
0 0 1
1 239618 0
24 0 0
0 0 1
1 215549 0
25 0 0
0 0 1
1 201443 0
26 0 0
0 0 1
1 150308 0
27 0 0
0 0 1
1 102266 0
28 0 0
0 0 1
1 107164 0
29 0 0
0 0 1
1 124673 0
30 0 0
0 0 1
1 98122 0
-1 0 0
