91
1 0 0
0 0 1
1 1.00054e+07 0
2 0 0
0 0 1
1 8.36804e+06 0
3 0 0
0 0 1
1 6.38871e+06 0
4 0 0
0 0 1
1 4.62056e+06 0
5 0 0
0 0 1
1 3.39626e+06 0
6 0 0
0 0 1
1 2.61041e+06 0
7 0 0
0 0 1
1 1.97605e+06 0
8 0 0
0 0 1
1 1.38914e+06 0
9 0 0
0 0 1
1 928361 0
10 0 0
0 0 1
1 636920 0
11 0 0
0 0 1
1 480788 0
12 0 0
0 0 1
1 431565 0
13 0 0
0 0 1
1 420854 0
14 0 0
0 0 1
1 295653 0
15 0 0
0 0 1
1 708 0
16 0 0
0 0 1
1 -265186 0
17 0 0
0 0 1
1 -269783 0
18 0 0
0 0 1
1 -70014 0
19 0 0
0 0 1
1 88128 0
20 0 0
0 0 1
1 137183 0
21 0 0
0 0 1
1 210983 0
22 0 0
0 0 1
1 321115 0
23 0 0
0 0 1
1 298278 0
24 0 0
0 0 1
1 114858 0
25 0 0
0 0 1
1 -11647 0
26 0 0
0 0 1
1 39976 0
27 0 0
0 0 1
1 92442 0
28 0 0
0 0 1
1 -30377 0
29 0 0
0 0 1
1 -212051 0
30 0 0
0 0 1
1 -245162 0
-1 0 0
