91
1 0 0
0 0 1
1 1.58655e+07 0
2 0 0
0 0 1
1 1.31321e+07 0
3 0 0
0 0 1
1 9.88849e+06 0
4 0 0
0 0 1
1 7.10884e+06 0
5 0 0
0 0 1
1 5.05984e+06 0
6 0 0
0 0 1
1 3.61666e+06 0
7 0 0
0 0 1
1 2.62436e+06 0
8 0 0
0 0 1
1 1.96251e+06 0
9 0 0
0 0 1
1 1.51532e+06 0
10 0 0
0 0 1
1 1.2169e+06 0
11 0 0
0 0 1
1 1.05653e+06 0
12 0 0
0 0 1
1 993785 0
13 0 0
0 0 1
1 941071 0
14 0 0
0 0 1
1 860937 0
15 0 0
0 0 1
1 801165 0
16 0 0
0 0 1
1 794185 0
17 0 0
0 0 1
1 793784 0
18 0 0
0 0 1
1 753284 0
19 0 0
0 0 1
1 695001 0
20 0 0
0 0 1
1 648432 0
21 0 0
0 0 1
1 582805 0
22 0 0
0 0 1
1 466825 0
23 0 0
0 0 1
1 346581 0
24 0 0
0 0 1
1 288874 0
25 0 0
0 0 1
1 273806 0
26 0 0
0 0 1
1 218316 0
27 0 0
0 0 1
1 101780 0
28 0 0
0 0 1
1 2480 0
29 0 0
0 0 1
1 -5666 0
30 0 0
0 0 1
1 55256 0
-1 0 0
