91
1 0 0
0 0 1
1 2.38098e+07 0
2 0 0
0 0 1
1 1.72721e+07 0
3 0 0
0 0 1
1 1.15902e+07 0
4 0 0
0 0 1
1 8.05114e+06 0
5 0 0
0 0 1
1 5.95771e+06 0
6 0 0
0 0 1
1 4.38216e+06 0
7 0 0
0 0 1
1 3.18564e+06 0
8 0 0
0 0 1
1 2.49096e+06 0
9 0 0
0 0 1
1 2.09508e+06 0
10 0 0
0 0 1
1 1.73596e+06 0
11 0 0
0 0 1
1 1.4462e+06 0
12 0 0
0 0 1
1 1.33803e+06 0
13 0 0
0 0 1
1 1.33064e+06 0
14 0 0
0 0 1
1 1.30401e+06 0
15 0 0
0 0 1
1 1.2851e+06 0
16 0 0
0 0 1
1 1.29807e+06 0
17 0 0
0 0 1
1 1.22818e+06 0
18 0 0
0 0 1
1 1.0036e+06 0
19 0 0
0 0 1
1 750529 0
20 0 0
0 0 1
1 614060 0
21 0 0
0 0 1
1 557850 0
22 0 0
0 0 1
1 475734 0
23 0 0
0 0 1
1 378567 0
24 0 0
0 0 1
1 335170 0
25 0 0
0 0 1
1 328725 0
26 0 0
0 0 1
1 301728 0
27 0 0
0 0 1
1 267195 0
28 0 0
0 0 1
1 262043 0
29 0 0
0 0 1
1 255156 0
30 0 0
0 0 1
1 203505 0
-1 0 0
