91
1 0 0
0 0 1
1 5.72698e+07 0
2 0 0
0 0 1
1 4.53651e+07 0
3 0 0
0 0 1
1 3.34437e+07 0
4 0 0
0 0 1
1 2.44345e+07 0
5 0 0
0 0 1
1 1.77596e+07 0
6 0 0
0 0 1
1 1.23977e+07 0
7 0 0
0 0 1
1 8.48422e+06 0
8 0 0
0 0 1
1 6.19862e+06 0
9 0 0
0 0 1
1 4.87291e+06 0
10 0 0
0 0 1
1 3.79757e+06 0
11 0 0
0 0 1
1 2.97345e+06 0
12 0 0
0 0 1
1 2.59861e+06 0
13 0 0
0 0 1
1 2.48381e+06 0
14 0 0
0 0 1
1 2.37738e+06 0
15 0 0
0 0 1
1 2.33657e+06 0
16 0 0
0 0 1
1 2.40332e+06 0
17 0 0
0 0 1
1 2.32764e+06 0
18 0 0
0 0 1
1 1.94292e+06 0
19 0 0
0 0 1
1 1.47526e+06 0
20 0 0
0 0 1
1 1.18832e+06 0
21 0 0
0 0 1
1 1.01156e+06 0
22 0 0
0 0 1
1 777498 0
23 0 0
0 0 1
1 552163 0
24 0 0
0 0 1
1 465245 0
25 0 0
0 0 1
1 440910 0
26 0 0
0 0 1
1 352475 0
27 0 0
0 0 1
1 260118 0
28 0 0
0 0 1
1 266454 0
29 0 0
0 0 1
1 297993 0
30 0 0
0 0 1
1 241664 0
-1 0 0
