DU=C:/Bruker/XWIN-NMR, USER=cui, NAME=cq_00358, EXPNO=1, PROCNO=1
F1=8.930ppm, F2=1.330ppm, MI=0.50cm, MAXI=36.00cm, PC=4.000
     #     ADDRESS            FREQUENCY         INTENSITY
                           [Hz]        [PPM]
     1      6725.2     3349.716       8.3716        12.50
     2      9434.7     2952.171       7.3780        11.48
     3      9490.6     2943.976       7.3575        12.37
     4     12710.1     2471.609       6.1770         9.26
     5     12764.4     2463.643       6.1571         9.31
     6     17853.8     1716.932       4.2909         4.59
     7     17886.8     1712.093       4.2788         5.57
     8     17908.6     1708.899       4.2709         5.80
     9     17942.5     1703.924       4.2584         4.73
    10     18808.8     1576.813       3.9408         8.90
    11     23185.5      934.679       2.3359        10.41
    12     23239.0      926.828       2.3163         7.92
    13     23601.6      873.622       2.1833         2.07
    14     23640.5      867.919       2.1691         3.47
    15     23694.4      860.006       2.1493         3.83
    16     23730.6      854.692       2.1360         2.88
    17     23852.5      836.815       2.0914         1.49
    18     23907.8      828.703       2.0711         3.17
    19     23953.8      821.951       2.0542         3.72
    20     24005.6      814.345       2.0352         2.95
    21     24052.2      807.509       2.0181         2.00
