91
1 0 0
0 0 1
1 1.67326e+06 0
2 0 0
0 0 1
1 1.2292e+06 0
3 0 0
0 0 1
1 804878 0
4 0 0
0 0 1
1 527446 0
5 0 0
0 0 1
1 373130 0
6 0 0
0 0 1
1 245328 0
7 0 0
0 0 1
1 116516 0
8 0 0
0 0 1
1 39603 0
9 0 0
0 0 1
1 30815 0
10 0 0
0 0 1
1 23181 0
11 0 0
0 0 1
1 -27374 0
12 0 0
0 0 1
1 -60627 0
13 0 0
0 0 1
1 -5961 0
14 0 0
0 0 1
1 88100 0
15 0 0
0 0 1
1 104446 0
16 0 0
0 0 1
1 20943 0
17 0 0
0 0 1
1 -63976 0
18 0 0
0 0 1
1 -75829 0
19 0 0
0 0 1
1 -51197 0
20 0 0
0 0 1
1 -54083 0
21 0 0
0 0 1
1 -79119 0
22 0 0
0 0 1
1 -84557 0
23 0 0
0 0 1
1 -69481 0
24 0 0
0 0 1
1 -65521 0
25 0 0
0 0 1
1 -80131 0
26 0 0
0 0 1
1 -91737 0
27 0 0
0 0 1
1 -86009 0
28 0 0
0 0 1
1 -67362 0
29 0 0
0 0 1
1 -47561 0
30 0 0
0 0 1
1 -41912 0
-1 0 0
