91
1 0 0
0 0 1
1 1.00234e+07 0
2 0 0
0 0 1
1 8.14542e+06 0
3 0 0
0 0 1
1 6.34872e+06 0
4 0 0
0 0 1
1 4.85594e+06 0
5 0 0
0 0 1
1 3.56808e+06 0
6 0 0
0 0 1
1 2.47854e+06 0
7 0 0
0 0 1
1 1.7146e+06 0
8 0 0
0 0 1
1 1.271e+06 0
9 0 0
0 0 1
1 969753 0
10 0 0
0 0 1
1 702264 0
11 0 0
0 0 1
1 521983 0
12 0 0
0 0 1
1 467348 0
13 0 0
0 0 1
1 460407 0
14 0 0
0 0 1
1 433205 0
15 0 0
0 0 1
1 414772 0
16 0 0
0 0 1
1 428383 0
17 0 0
0 0 1
1 418220 0
18 0 0
0 0 1
1 347643 0
19 0 0
0 0 1
1 273835 0
20 0 0
0 0 1
1 251313 0
21 0 0
0 0 1
1 238787 0
22 0 0
0 0 1
1 174113 0
23 0 0
0 0 1
1 78701 0
24 0 0
0 0 1
1 16891 0
25 0 0
0 0 1
1 792 0
26 0 0
0 0 1
1 381 0
27 0 0
0 0 1
1 7218 0
28 0 0
0 0 1
1 26380 0
29 0 0
0 0 1
1 37298 0
30 0 0
0 0 1
1 20138 0
-1 0 0
