91
1 0 0
0 0 1
1 2.27646e+07 0
2 0 0
0 0 1
1 1.85559e+07 0
3 0 0
0 0 1
1 1.44747e+07 0
4 0 0
0 0 1
1 1.06198e+07 0
5 0 0
0 0 1
1 7.35921e+06 0
6 0 0
0 0 1
1 5.12255e+06 0
7 0 0
0 0 1
1 3.81075e+06 0
8 0 0
0 0 1
1 2.93132e+06 0
9 0 0
0 0 1
1 2.20382e+06 0
10 0 0
0 0 1
1 1.68397e+06 0
11 0 0
0 0 1
1 1.40232e+06 0
12 0 0
0 0 1
1 1.23448e+06 0
13 0 0
0 0 1
1 1.11131e+06 0
14 0 0
0 0 1
1 1.07088e+06 0
15 0 0
0 0 1
1 1.0773e+06 0
16 0 0
0 0 1
1 1.0074e+06 0
17 0 0
0 0 1
1 842916 0
18 0 0
0 0 1
1 692665 0
19 0 0
0 0 1
1 600126 0
20 0 0
0 0 1
1 490783 0
21 0 0
0 0 1
1 333640 0
22 0 0
0 0 1
1 202183 0
23 0 0
0 0 1
1 139172 0
24 0 0
0 0 1
1 93573 0
25 0 0
0 0 1
1 31224 0
26 0 0
0 0 1
1 -8392 0
27 0 0
0 0 1
1 -5578 0
28 0 0
0 0 1
1 -6975 0
29 0 0
0 0 1
1 -38862 0
30 0 0
0 0 1
1 -65289 0
-1 0 0
