91
1 0 0
0 0 1
1 1.46582e+08 0
2 0 0
0 0 1
1 1.03074e+08 0
3 0 0
0 0 1
1 6.90019e+07 0
4 0 0
0 0 1
1 4.86127e+07 0
5 0 0
0 0 1
1 3.4968e+07 0
6 0 0
0 0 1
1 2.40582e+07 0
7 0 0
0 0 1
1 1.68882e+07 0
8 0 0
0 0 1
1 1.31942e+07 0
9 0 0
0 0 1
1 1.03844e+07 0
10 0 0
0 0 1
1 7.61244e+06 0
11 0 0
0 0 1
1 6.14634e+06 0
12 0 0
0 0 1
1 6.05978e+06 0
13 0 0
0 0 1
1 5.97174e+06 0
14 0 0
0 0 1
1 5.6772e+06 0
15 0 0
0 0 1
1 6.08715e+06 0
16 0 0
0 0 1
1 6.79529e+06 0
17 0 0
0 0 1
1 6.31057e+06 0
18 0 0
0 0 1
1 4.6324e+06 0
19 0 0
0 0 1
1 3.30386e+06 0
20 0 0
0 0 1
1 2.89214e+06 0
21 0 0
0 0 1
1 2.4684e+06 0
22 0 0
0 0 1
1 1.64257e+06 0
23 0 0
0 0 1
1 1.16253e+06 0
24 0 0
0 0 1
1 1.27184e+06 0
25 0 0
0 0 1
1 1.22199e+06 0
26 0 0
0 0 1
1 746697 0
27 0 0
0 0 1
1 505124 0
28 0 0
0 0 1
1 727686 0
29 0 0
0 0 1
1 786108 0
30 0 0
0 0 1
1 442037 0
-1 0 0
