91
1 0 0
0 0 1
1 2.1119e+08 0
2 0 0
0 0 1
1 1.42026e+08 0
3 0 0
0 0 1
1 6.72885e+07 0
4 0 0
0 0 1
1 3.64588e+07 0
5 0 0
0 0 1
1 2.10657e+07 0
6 0 0
0 0 1
1 1.44506e+07 0
7 0 0
0 0 1
1 1.02276e+07 0
8 0 0
0 0 1
1 8.7621e+06 0
9 0 0
0 0 1
1 8.19901e+06 0
10 0 0
0 0 1
1 9.68163e+06 0
11 0 0
0 0 1
1 8.30303e+06 0
12 0 0
0 0 1
1 7.69218e+06 0
13 0 0
0 0 1
1 5.08659e+06 0
14 0 0
0 0 1
1 3.36724e+06 0
15 0 0
0 0 1
1 2.25843e+06 0
16 0 0
0 0 1
1 1.60132e+06 0
17 0 0
0 0 1
1 1.34238e+06 0
18 0 0
0 0 1
1 1.43579e+06 0
19 0 0
0 0 1
1 749952 0
20 0 0
0 0 1
1 479311 0
21 0 0
0 0 1
1 124382 0
22 0 0
0 0 1
1 481785 0
23 0 0
0 0 1
1 578607 0
24 0 0
0 0 1
1 843839 0
25 0 0
0 0 1
1 570897 0
26 0 0
0 0 1
1 794737 0
27 0 0
0 0 1
1 310595 0
28 0 0
0 0 1
1 70916 0
29 0 0
0 0 1
1 -455418 0
30 0 0
0 0 1
1 -53310 0
-1 0 0
