91
1 0 0
0 0 1
1 2.19545e+08 0
2 0 0
0 0 1
1 1.7908e+08 0
3 0 0
0 0 1
1 1.38151e+08 0
4 0 0
0 0 1
1 1.03127e+08 0
5 0 0
0 0 1
1 7.41427e+07 0
6 0 0
0 0 1
1 5.20631e+07 0
7 0 0
0 0 1
1 3.77994e+07 0
8 0 0
0 0 1
1 2.91081e+07 0
9 0 0
0 0 1
1 2.25509e+07 0
10 0 0
0 0 1
1 1.72598e+07 0
11 0 0
0 0 1
1 1.41327e+07 0
12 0 0
0 0 1
1 1.27738e+07 0
13 0 0
0 0 1
1 1.17851e+07 0
14 0 0
0 0 1
1 1.10236e+07 0
15 0 0
0 0 1
1 1.11608e+07 0
16 0 0
0 0 1
1 1.1616e+07 0
17 0 0
0 0 1
1 1.10243e+07 0
18 0 0
0 0 1
1 9.37353e+06 0
19 0 0
0 0 1
1 7.85024e+06 0
20 0 0
0 0 1
1 6.83285e+06 0
21 0 0
0 0 1
1 5.6883e+06 0
22 0 0
0 0 1
1 4.35041e+06 0
23 0 0
0 0 1
1 3.50685e+06 0
24 0 0
0 0 1
1 3.23989e+06 0
25 0 0
0 0 1
1 2.88493e+06 0
26 0 0
0 0 1
1 2.29175e+06 0
27 0 0
0 0 1
1 1.98949e+06 0
28 0 0
0 0 1
1 2.04454e+06 0
29 0 0
0 0 1
1 1.90708e+06 0
30 0 0
0 0 1
1 1.47506e+06 0
-1 0 0
