91
1 0 0
0 0 1
1 4.06623e+08 0
2 0 0
0 0 1
1 2.96539e+08 0
3 0 0
0 0 1
1 2.06543e+08 0
4 0 0
0 0 1
1 1.55371e+08 0
5 0 0
0 0 1
1 1.24212e+08 0
6 0 0
0 0 1
1 9.609e+07 0
7 0 0
0 0 1
1 7.30754e+07 0
8 0 0
0 0 1
1 5.99441e+07 0
9 0 0
0 0 1
1 5.18545e+07 0
10 0 0
0 0 1
1 4.31924e+07 0
11 0 0
0 0 1
1 3.56826e+07 0
12 0 0
0 0 1
1 3.19353e+07 0
13 0 0
0 0 1
1 2.94552e+07 0
14 0 0
0 0 1
1 2.5838e+07 0
15 0 0
0 0 1
1 2.32176e+07 0
16 0 0
0 0 1
1 2.31863e+07 0
17 0 0
0 0 1
1 2.27058e+07 0
18 0 0
0 0 1
1 1.90834e+07 0
19 0 0
0 0 1
1 1.45326e+07 0
20 0 0
0 0 1
1 1.20993e+07 0
21 0 0
0 0 1
1 1.09037e+07 0
22 0 0
0 0 1
1 8.90363e+06 0
23 0 0
0 0 1
1 6.9629e+06 0
24 0 0
0 0 1
1 6.65738e+06 0
25 0 0
0 0 1
1 6.83679e+06 0
26 0 0
0 0 1
1 5.7468e+06 0
27 0 0
0 0 1
1 4.3299e+06 0
28 0 0
0 0 1
1 4.31372e+06 0
29 0 0
0 0 1
1 4.9234e+06 0
30 0 0
0 0 1
1 4.41856e+06 0
-1 0 0
