91
1 0 0
0 0 1
1 844345 0
2 0 0
0 0 1
1 705377 0
3 0 0
0 0 1
1 579975 0
4 0 0
0 0 1
1 438180 0
5 0 0
0 0 1
1 320731 0
6 0 0
0 0 1
1 312017 0
7 0 0
0 0 1
1 381204 0
8 0 0
0 0 1
1 393586 0
9 0 0
0 0 1
1 314581 0
10 0 0
0 0 1
1 262352 0
11 0 0
0 0 1
1 306426 0
12 0 0
0 0 1
1 352840 0
13 0 0
0 0 1
1 307341 0
14 0 0
0 0 1
1 231009 0
15 0 0
0 0 1
1 234259 0
16 0 0
0 0 1
1 306538 0
17 0 0
0 0 1
1 352905 0
18 0 0
0 0 1
1 336800 0
19 0 0
0 0 1
1 295357 0
20 0 0
0 0 1
1 260211 0
21 0 0
0 0 1
1 243266 0
22 0 0
0 0 1
1 264241 0
23 0 0
0 0 1
1 323076 0
24 0 0
0 0 1
1 372423 0
25 0 0
0 0 1
1 368797 0
26 0 0
0 0 1
1 322757 0
27 0 0
0 0 1
1 267450 0
28 0 0
0 0 1
1 224664 0
29 0 0
0 0 1
1 228303 0
30 0 0
0 0 1
1 310363 0
-1 0 0
