91
1 0 0
0 0 1
1 6.80553e+06 0
2 0 0
0 0 1
1 5.12258e+06 0
3 0 0
0 0 1
1 3.51462e+06 0
4 0 0
0 0 1
1 2.40538e+06 0
5 0 0
0 0 1
1 1.72686e+06 0
6 0 0
0 0 1
1 1.2787e+06 0
7 0 0
0 0 1
1 1.00372e+06 0
8 0 0
0 0 1
1 895049 0
9 0 0
0 0 1
1 837358 0
10 0 0
0 0 1
1 693081 0
11 0 0
0 0 1
1 476008 0
12 0 0
0 0 1
1 313900 0
13 0 0
0 0 1
1 264708 0
14 0 0
0 0 1
1 269384 0
15 0 0
0 0 1
1 268854 0
16 0 0
0 0 1
1 264025 0
17 0 0
0 0 1
1 252512 0
18 0 0
0 0 1
1 201873 0
19 0 0
0 0 1
1 116678 0
20 0 0
0 0 1
1 56580 0
21 0 0
0 0 1
1 49741 0
22 0 0
0 0 1
1 49378 0
23 0 0
0 0 1
1 14508 0
24 0 0
0 0 1
1 -24154 0
25 0 0
0 0 1
1 -25289 0
26 0 0
0 0 1
1 -11130 0
27 0 0
0 0 1
1 -21593 0
28 0 0
0 0 1
1 -35111 0
29 0 0
0 0 1
1 -6302 0
30 0 0
0 0 1
1 38959 0
-1 0 0
