91
1 0 0
0 0 1
1 2.65166e+07 0
2 0 0
0 0 1
1 2.1785e+07 0
3 0 0
0 0 1
1 1.609e+07 0
4 0 0
0 0 1
1 1.13734e+07 0
5 0 0
0 0 1
1 8.13492e+06 0
6 0 0
0 0 1
1 5.8932e+06 0
7 0 0
0 0 1
1 4.26115e+06 0
8 0 0
0 0 1
1 3.16961e+06 0
9 0 0
0 0 1
1 2.48505e+06 0
10 0 0
0 0 1
1 1.97448e+06 0
11 0 0
0 0 1
1 1.57695e+06 0
12 0 0
0 0 1
1 1.37106e+06 0
13 0 0
0 0 1
1 1.31859e+06 0
14 0 0
0 0 1
1 1.28238e+06 0
15 0 0
0 0 1
1 1.23542e+06 0
16 0 0
0 0 1
1 1.23273e+06 0
17 0 0
0 0 1
1 1.2292e+06 0
18 0 0
0 0 1
1 1.12514e+06 0
19 0 0
0 0 1
1 947321 0
20 0 0
0 0 1
1 802714 0
21 0 0
0 0 1
1 694325 0
22 0 0
0 0 1
1 553368 0
23 0 0
0 0 1
1 409359 0
24 0 0
0 0 1
1 352043 0
25 0 0
0 0 1
1 355094 0
26 0 0
0 0 1
1 310818 0
27 0 0
0 0 1
1 222874 0
28 0 0
0 0 1
1 197193 0
29 0 0
0 0 1
1 246999 0
30 0 0
0 0 1
1 269214 0
-1 0 0
