91
1 0 0
0 0 1
1 2.44835e+08 0
2 0 0
0 0 1
1 1.72105e+08 0
3 0 0
0 0 1
1 1.09148e+08 0
4 0 0
0 0 1
1 7.00228e+07 0
5 0 0
0 0 1
1 4.89461e+07 0
6 0 0
0 0 1
1 3.68506e+07 0
7 0 0
0 0 1
1 2.8683e+07 0
8 0 0
0 0 1
1 2.16538e+07 0
9 0 0
0 0 1
1 1.53048e+07 0
10 0 0
0 0 1
1 1.17142e+07 0
11 0 0
0 0 1
1 1.14385e+07 0
12 0 0
0 0 1
1 1.14733e+07 0
13 0 0
0 0 1
1 9.81625e+06 0
14 0 0
0 0 1
1 8.64024e+06 0
15 0 0
0 0 1
1 9.98374e+06 0
16 0 0
0 0 1
1 1.16562e+07 0
17 0 0
0 0 1
1 1.06968e+07 0
18 0 0
0 0 1
1 8.00224e+06 0
19 0 0
0 0 1
1 6.20779e+06 0
20 0 0
0 0 1
1 5.40188e+06 0
21 0 0
0 0 1
1 4.16362e+06 0
22 0 0
0 0 1
1 2.80796e+06 0
23 0 0
0 0 1
1 2.4688e+06 0
24 0 0
0 0 1
1 2.5499e+06 0
25 0 0
0 0 1
1 1.90904e+06 0
26 0 0
0 0 1
1 1.21663e+06 0
27 0 0
0 0 1
1 1.61162e+06 0
28 0 0
0 0 1
1 2.32289e+06 0
29 0 0
0 0 1
1 2.02614e+06 0
30 0 0
0 0 1
1 1.32362e+06 0
-1 0 0
