DU=C:/Bruker/XWIN-NMR, USER=cui, NAME=expnmr_00160, EXPNO=1, PROCNO=1
F1=8.115ppm, F2=3.115ppm, MI=0.50cm, MAXI=36.00cm, PC=4.000
     #     ADDRESS            FREQUENCY         INTENSITY
                           [Hz]        [PPM]
     1      8191.5     3128.562       7.8189         5.99
     2      8247.1     3120.412       7.7985         6.31
     3      9279.8     2968.890       7.4198         3.13
     4      9335.5     2960.715       7.3994         6.09
     5      9384.8     2953.490       7.3813         3.66
     6     10785.2     2748.022       6.8678         7.45
     7     10842.3     2739.652       6.8469         6.95
     8     10967.3     2721.305       6.8011         3.79
     9     11021.2     2713.391       6.7813         6.54
    10     11071.0     2706.087       6.7630         3.51
    11     18191.3     1661.401       4.1522         3.32
    12     18228.1     1656.013       4.1387         7.96
    13     18265.4     1650.541       4.1250         4.38
    14     19418.5     1481.358       3.7022        12.50
    15     19455.7     1475.901       3.6886        12.14
