91
1 0 0
0 0 1
1 3.126e+06 0
2 0 0
0 0 1
1 2.76168e+06 0
3 0 0
0 0 1
1 2.3721e+06 0
4 0 0
0 0 1
1 1.94328e+06 0
5 0 0
0 0 1
1 1.56665e+06 0
6 0 0
0 0 1
1 1.31604e+06 0
7 0 0
0 0 1
1 1.14842e+06 0
8 0 0
0 0 1
1 988192 0
9 0 0
0 0 1
1 832729 0
10 0 0
0 0 1
1 712268 0
11 0 0
0 0 1
1 608665 0
12 0 0
0 0 1
1 484605 0
13 0 0
0 0 1
1 354380 0
14 0 0
0 0 1
1 261479 0
15 0 0
0 0 1
1 208910 0
16 0 0
0 0 1
1 164040 0
17 0 0
0 0 1
1 114062 0
18 0 0
0 0 1
1 70259 0
19 0 0
0 0 1
1 31956 0
20 0 0
0 0 1
1 -11100 0
21 0 0
0 0 1
1 -50777 0
22 0 0
0 0 1
1 -72145 0
23 0 0
0 0 1
1 -84916 0
24 0 0
0 0 1
1 -110631 0
25 0 0
0 0 1
1 -146161 0
26 0 0
0 0 1
1 -170062 0
27 0 0
0 0 1
1 -178706 0
28 0 0
0 0 1
1 -188112 0
29 0 0
0 0 1
1 -204728 0
30 0 0
0 0 1
1 -219527 0
-1 0 0
