91
1 0 0
0 0 1
1 1.72133e+08 0
2 0 0
0 0 1
1 1.34408e+08 0
3 0 0
0 0 1
1 9.71259e+07 0
4 0 0
0 0 1
1 6.78323e+07 0
5 0 0
0 0 1
1 4.82268e+07 0
6 0 0
0 0 1
1 3.58284e+07 0
7 0 0
0 0 1
1 2.75073e+07 0
8 0 0
0 0 1
1 2.15507e+07 0
9 0 0
0 0 1
1 1.73534e+07 0
10 0 0
0 0 1
1 1.44413e+07 0
11 0 0
0 0 1
1 1.23353e+07 0
12 0 0
0 0 1
1 1.08878e+07 0
13 0 0
0 0 1
1 1.01534e+07 0
14 0 0
0 0 1
1 9.94148e+06 0
15 0 0
0 0 1
1 9.78278e+06 0
16 0 0
0 0 1
1 9.30996e+06 0
17 0 0
0 0 1
1 8.45253e+06 0
18 0 0
0 0 1
1 7.2985e+06 0
19 0 0
0 0 1
1 5.98715e+06 0
20 0 0
0 0 1
1 4.73692e+06 0
21 0 0
0 0 1
1 3.76545e+06 0
22 0 0
0 0 1
1 3.11203e+06 0
23 0 0
0 0 1
1 2.6525e+06 0
24 0 0
0 0 1
1 2.30039e+06 0
25 0 0
0 0 1
1 2.06692e+06 0
26 0 0
0 0 1
1 1.92011e+06 0
27 0 0
0 0 1
1 1.74458e+06 0
28 0 0
0 0 1
1 1.49688e+06 0
29 0 0
0 0 1
1 1.27546e+06 0
30 0 0
0 0 1
1 1.16912e+06 0
-1 0 0
