91
1 0 0
0 0 1
1 604100 0
2 0 0
0 0 1
1 457836 0
3 0 0
0 0 1
1 330087 0
4 0 0
0 0 1
1 271451 0
5 0 0
0 0 1
1 250058 0
6 0 0
0 0 1
1 210848 0
7 0 0
0 0 1
1 154845 0
8 0 0
0 0 1
1 122921 0
9 0 0
0 0 1
1 127149 0
10 0 0
0 0 1
1 142693 0
11 0 0
0 0 1
1 155203 0
12 0 0
0 0 1
1 172778 0
13 0 0
0 0 1
1 192889 0
14 0 0
0 0 1
1 196085 0
15 0 0
0 0 1
1 177856 0
16 0 0
0 0 1
1 155498 0
17 0 0
0 0 1
1 138020 0
18 0 0
0 0 1
1 118006 0
19 0 0
0 0 1
1 98847 0
20 0 0
0 0 1
1 99293 0
21 0 0
0 0 1
1 119558 0
22 0 0
0 0 1
1 130939 0
23 0 0
0 0 1
1 115078 0
24 0 0
0 0 1
1 90235 0
25 0 0
0 0 1
1 80879 0
26 0 0
0 0 1
1 82032 0
27 0 0
0 0 1
1 75329 0
28 0 0
0 0 1
1 64987 0
29 0 0
0 0 1
1 73526 0
30 0 0
0 0 1
1 108111 0
-1 0 0
