91
1 0 0
0 0 1
1 1.07638e+08 0
2 0 0
0 0 1
1 9.02756e+07 0
3 0 0
0 0 1
1 6.72061e+07 0
4 0 0
0 0 1
1 4.38814e+07 0
5 0 0
0 0 1
1 2.68935e+07 0
6 0 0
0 0 1
1 1.88183e+07 0
7 0 0
0 0 1
1 1.57076e+07 0
8 0 0
0 0 1
1 1.23618e+07 0
9 0 0
0 0 1
1 8.18436e+06 0
10 0 0
0 0 1
1 5.57315e+06 0
11 0 0
0 0 1
1 4.86674e+06 0
12 0 0
0 0 1
1 4.19614e+06 0
13 0 0
0 0 1
1 3.08973e+06 0
14 0 0
0 0 1
1 2.86089e+06 0
15 0 0
0 0 1
1 3.68103e+06 0
16 0 0
0 0 1
1 4.07392e+06 0
17 0 0
0 0 1
1 3.44989e+06 0
18 0 0
0 0 1
1 2.80015e+06 0
19 0 0
0 0 1
1 2.60169e+06 0
20 0 0
0 0 1
1 2.09671e+06 0
21 0 0
0 0 1
1 1.04656e+06 0
22 0 0
0 0 1
1 357000 0
23 0 0
0 0 1
1 434233 0
24 0 0
0 0 1
1 497682 0
25 0 0
0 0 1
1 68601 0
26 0 0
0 0 1
1 -260406 0
27 0 0
0 0 1
1 -86531 0
28 0 0
0 0 1
1 54051 0
29 0 0
0 0 1
1 -220539 0
30 0 0
0 0 1
1 -435421 0
-1 0 0
