91
1 0 0
0 0 1
1 1.54007e+07 0
2 0 0
0 0 1
1 1.29331e+07 0
3 0 0
0 0 1
1 1.00754e+07 0
4 0 0
0 0 1
1 7.42362e+06 0
5 0 0
0 0 1
1 5.46243e+06 0
6 0 0
0 0 1
1 4.21865e+06 0
7 0 0
0 0 1
1 3.10558e+06 0
8 0 0
0 0 1
1 1.68448e+06 0
9 0 0
0 0 1
1 402628 0
10 0 0
0 0 1
1 14553 0
11 0 0
0 0 1
1 435925 0
12 0 0
0 0 1
1 809040 0
13 0 0
0 0 1
1 658143 0
14 0 0
0 0 1
1 327696 0
15 0 0
0 0 1
1 192175 0
16 0 0
0 0 1
1 74293 0
17 0 0
0 0 1
1 -281419 0
18 0 0
0 0 1
1 -660384 0
19 0 0
0 0 1
1 -690238 0
20 0 0
0 0 1
1 -418447 0
21 0 0
0 0 1
1 -224397 0
22 0 0
0 0 1
1 -285532 0
23 0 0
0 0 1
1 -411668 0
24 0 0
0 0 1
1 -381574 0
25 0 0
0 0 1
1 -236408 0
26 0 0
0 0 1
1 -166715 0
27 0 0
0 0 1
1 -201169 0
28 0 0
0 0 1
1 -156987 0
29 0 0
0 0 1
1 24927 0
30 0 0
0 0 1
1 58930 0
-1 0 0
