DU=C:/Bruker/XWIN-NMR, USER=cui, NAME=expnmr_00217, EXPNO=1, PROCNO=1
F1=8.109ppm, F2=1.109ppm, MI=0.50cm, MAXI=36.00cm, PC=4.000
     #     ADDRESS            FREQUENCY         INTENSITY
                           [Hz]        [PPM]
     1      8649.2     3059.067       7.6452        11.69
     2     12311.9     2521.669       6.3021         4.22
     3     12358.1     2514.902       6.2852         8.78
     4     12404.1     2508.144       6.2683         4.26
     5     17275.1     1793.474       4.4822         2.27
     6     17310.4     1788.304       4.4693         5.30
     7     17339.6     1784.017       4.4586         5.61
     8     17374.4     1778.902       4.4458         2.45
     9     18501.6     1613.533       4.0325         2.40
    10     18528.3     1609.615       4.0227         5.58
    11     18559.2     1605.072       4.0114         5.97
    12     18585.8     1601.174       4.0016         2.82
    13     18979.1     1543.462       3.8574         2.99
    14     19003.1     1539.949       3.8486         2.90
    15     19064.2     1530.986       3.8262         6.82
    16     19088.0     1527.498       3.8175         6.21
    17     19189.0     1512.677       3.7805         6.50
    18     19223.2     1507.656       3.7679         5.99
    19     19274.0     1500.199       3.7493         3.06
    20     19308.3     1495.163       3.7367         2.75
    21     23000.1      953.517       2.3830         8.70
    22     23041.8      947.400       2.3677        12.50
    23     23082.7      941.396       2.3527         8.01
