91
1 0 0
0 0 1
1 3.50632e+08 0
2 0 0
0 0 1
1 2.76311e+08 0
3 0 0
0 0 1
1 1.99837e+08 0
4 0 0
0 0 1
1 1.43669e+08 0
5 0 0
0 0 1
1 1.02742e+08 0
6 0 0
0 0 1
1 7.44016e+07 0
7 0 0
0 0 1
1 5.44248e+07 0
8 0 0
0 0 1
1 4.17135e+07 0
9 0 0
0 0 1
1 3.2157e+07 0
10 0 0
0 0 1
1 2.59432e+07 0
11 0 0
0 0 1
1 2.1605e+07 0
12 0 0
0 0 1
1 1.99345e+07 0
13 0 0
0 0 1
1 1.95527e+07 0
14 0 0
0 0 1
1 1.99579e+07 0
15 0 0
0 0 1
1 1.85125e+07 0
16 0 0
0 0 1
1 1.60781e+07 0
17 0 0
0 0 1
1 1.32459e+07 0
18 0 0
0 0 1
1 1.07207e+07 0
19 0 0
0 0 1
1 8.47169e+06 0
20 0 0
0 0 1
1 7.00943e+06 0
21 0 0
0 0 1
1 5.70533e+06 0
22 0 0
0 0 1
1 4.93404e+06 0
23 0 0
0 0 1
1 4.233e+06 0
24 0 0
0 0 1
1 3.89393e+06 0
25 0 0
0 0 1
1 3.4083e+06 0
26 0 0
0 0 1
1 3.17226e+06 0
27 0 0
0 0 1
1 2.79883e+06 0
28 0 0
0 0 1
1 2.66031e+06 0
29 0 0
0 0 1
1 2.35927e+06 0
30 0 0
0 0 1
1 2.26783e+06 0
-1 0 0
