91
1 0 0
0 0 1
1 3.40748e+06 0
2 0 0
0 0 1
1 2.945e+06 0
3 0 0
0 0 1
1 2.57738e+06 0
4 0 0
0 0 1
1 2.32506e+06 0
5 0 0
0 0 1
1 2.08955e+06 0
6 0 0
0 0 1
1 1.82974e+06 0
7 0 0
0 0 1
1 1.58224e+06 0
8 0 0
0 0 1
1 1.36961e+06 0
9 0 0
0 0 1
1 1.18222e+06 0
10 0 0
0 0 1
1 1.02723e+06 0
11 0 0
0 0 1
1 920817 0
12 0 0
0 0 1
1 840068 0
13 0 0
0 0 1
1 741237 0
14 0 0
0 0 1
1 621393 0
15 0 0
0 0 1
1 514545 0
16 0 0
0 0 1
1 432207 0
17 0 0
0 0 1
1 353012 0
18 0 0
0 0 1
1 269034 0
19 0 0
0 0 1
1 198981 0
20 0 0
0 0 1
1 150520 0
21 0 0
0 0 1
1 105349 0
22 0 0
0 0 1
1 49696 0
23 0 0
0 0 1
1 -7924 0
24 0 0
0 0 1
1 -55803 0
25 0 0
0 0 1
1 -93253 0
26 0 0
0 0 1
1 -121269 0
27 0 0
0 0 1
1 -138667 0
28 0 0
0 0 1
1 -151032 0
29 0 0
0 0 1
1 -166957 0
30 0 0
0 0 1
1 -183840 0
-1 0 0
