91
1 0 0
0 0 1
1 4.07449e+06 0
2 0 0
0 0 1
1 3.42042e+06 0
3 0 0
0 0 1
1 2.71345e+06 0
4 0 0
0 0 1
1 2.22055e+06 0
5 0 0
0 0 1
1 1.82106e+06 0
6 0 0
0 0 1
1 1.29505e+06 0
7 0 0
0 0 1
1 724449 0
8 0 0
0 0 1
1 377354 0
9 0 0
0 0 1
1 283315 0
10 0 0
0 0 1
1 208858 0
11 0 0
0 0 1
1 54670 0
12 0 0
0 0 1
1 -14875 0
13 0 0
0 0 1
1 80984 0
14 0 0
0 0 1
1 139674 0
15 0 0
0 0 1
1 -10599 0
16 0 0
0 0 1
1 -214560 0
17 0 0
0 0 1
1 -224726 0
18 0 0
0 0 1
1 -81705 0
19 0 0
0 0 1
1 -21305 0
20 0 0
0 0 1
1 -99453 0
21 0 0
0 0 1
1 -171331 0
22 0 0
0 0 1
1 -208868 0
23 0 0
0 0 1
1 -358753 0
24 0 0
0 0 1
1 -631755 0
25 0 0
0 0 1
1 -790572 0
26 0 0
0 0 1
1 -675541 0
27 0 0
0 0 1
1 -443127 0
28 0 0
0 0 1
1 -318491 0
29 0 0
0 0 1
1 -273088 0
30 0 0
0 0 1
1 -152578 0
-1 0 0
