91
1 0 0
0 0 1
1 2.54665e+07 0
2 0 0
0 0 1
1 2.25785e+07 0
3 0 0
0 0 1
1 1.95068e+07 0
4 0 0
0 0 1
1 1.67609e+07 0
5 0 0
0 0 1
1 1.45743e+07 0
6 0 0
0 0 1
1 1.29306e+07 0
7 0 0
0 0 1
1 1.16822e+07 0
8 0 0
0 0 1
1 1.06649e+07 0
9 0 0
0 0 1
1 9.77992e+06 0
10 0 0
0 0 1
1 9.01638e+06 0
11 0 0
0 0 1
1 8.40593e+06 0
12 0 0
0 0 1
1 7.96735e+06 0
13 0 0
0 0 1
1 7.70508e+06 0
14 0 0
0 0 1
1 7.6268e+06 0
15 0 0
0 0 1
1 7.71604e+06 0
16 0 0
0 0 1
1 7.8987e+06 0
17 0 0
0 0 1
1 8.08552e+06 0
18 0 0
0 0 1
1 8.25279e+06 0
19 0 0
0 0 1
1 8.44534e+06 0
20 0 0
0 0 1
1 8.70146e+06 0
21 0 0
0 0 1
1 9.0192e+06 0
22 0 0
0 0 1
1 9.40329e+06 0
23 0 0
0 0 1
1 9.89739e+06 0
24 0 0
0 0 1
1 1.05472e+07 0
25 0 0
0 0 1
1 1.1364e+07 0
26 0 0
0 0 1
1 1.23291e+07 0
27 0 0
0 0 1
1 1.33668e+07 0
28 0 0
0 0 1
1 1.42569e+07 0
29 0 0
0 0 1
1 1.46236e+07 0
30 0 0
0 0 1
1 1.4125e+07 0
-1 0 0
