91
1 0 0
0 0 1
1 5.40677e+07 0
2 0 0
0 0 1
1 4.608e+07 0
3 0 0
0 0 1
1 3.70745e+07 0
4 0 0
0 0 1
1 2.83956e+07 0
5 0 0
0 0 1
1 2.10265e+07 0
6 0 0
0 0 1
1 1.53774e+07 0
7 0 0
0 0 1
1 1.13807e+07 0
8 0 0
0 0 1
1 8.68326e+06 0
9 0 0
0 0 1
1 6.8366e+06 0
10 0 0
0 0 1
1 5.4747e+06 0
11 0 0
0 0 1
1 4.40883e+06 0
12 0 0
0 0 1
1 3.58254e+06 0
13 0 0
0 0 1
1 2.96553e+06 0
14 0 0
0 0 1
1 2.50673e+06 0
15 0 0
0 0 1
1 2.15733e+06 0
16 0 0
0 0 1
1 1.89009e+06 0
17 0 0
0 0 1
1 1.68011e+06 0
18 0 0
0 0 1
1 1.48589e+06 0
19 0 0
0 0 1
1 1.27605e+06 0
20 0 0
0 0 1
1 1.07798e+06 0
21 0 0
0 0 1
1 966833 0
22 0 0
0 0 1
1 971470 0
23 0 0
0 0 1
1 1.01139e+06 0
24 0 0
0 0 1
1 978103 0
25 0 0
0 0 1
1 870990 0
26 0 0
0 0 1
1 787352 0
27 0 0
0 0 1
1 772940 0
28 0 0
0 0 1
1 763755 0
29 0 0
0 0 1
1 704166 0
30 0 0
0 0 1
1 633742 0
-1 0 0
