91
1 0 0
0 0 1
1 3.2896e+07 0
2 0 0
0 0 1
1 2.586e+07 0
3 0 0
0 0 1
1 1.70684e+07 0
4 0 0
0 0 1
1 1.06813e+07 0
5 0 0
0 0 1
1 7.40637e+06 0
6 0 0
0 0 1
1 5.501e+06 0
7 0 0
0 0 1
1 3.82972e+06 0
8 0 0
0 0 1
1 2.64106e+06 0
9 0 0
0 0 1
1 2.11549e+06 0
10 0 0
0 0 1
1 1.73981e+06 0
11 0 0
0 0 1
1 1.19078e+06 0
12 0 0
0 0 1
1 753603 0
13 0 0
0 0 1
1 626150 0
14 0 0
0 0 1
1 564520 0
15 0 0
0 0 1
1 427180 0
16 0 0
0 0 1
1 435264 0
17 0 0
0 0 1
1 657789 0
18 0 0
0 0 1
1 762903 0
19 0 0
0 0 1
1 532857 0
20 0 0
0 0 1
1 208021 0
21 0 0
0 0 1
1 80742 0
22 0 0
0 0 1
1 92317 0
23 0 0
0 0 1
1 55380 0
24 0 0
0 0 1
1 -18975 0
25 0 0
0 0 1
1 -38220 0
26 0 0
0 0 1
1 -40774 0
27 0 0
0 0 1
1 -90569 0
28 0 0
0 0 1
1 -131555 0
29 0 0
0 0 1
1 -101926 0
30 0 0
0 0 1
1 -50480 0
-1 0 0
