91
1 0 0
0 0 1
1 3.86065e+06 0
2 0 0
0 0 1
1 3.19486e+06 0
3 0 0
0 0 1
1 2.31416e+06 0
4 0 0
0 0 1
1 1.48059e+06 0
5 0 0
0 0 1
1 951760 0
6 0 0
0 0 1
1 712322 0
7 0 0
0 0 1
1 538643 0
8 0 0
0 0 1
1 322777 0
9 0 0
0 0 1
1 158602 0
10 0 0
0 0 1
1 120277 0
11 0 0
0 0 1
1 142702 0
12 0 0
0 0 1
1 136199 0
13 0 0
0 0 1
1 64177 0
14 0 0
0 0 1
1 -89340 0
15 0 0
0 0 1
1 -278061 0
16 0 0
0 0 1
1 -348204 0
17 0 0
0 0 1
1 -214102 0
18 0 0
0 0 1
1 -53775 0
19 0 0
0 0 1
1 -122469 0
20 0 0
0 0 1
1 -371269 0
21 0 0
0 0 1
1 -473242 0
22 0 0
0 0 1
1 -268478 0
23 0 0
0 0 1
1 28047 0
24 0 0
0 0 1
1 132591 0
25 0 0
0 0 1
1 22181 0
26 0 0
0 0 1
1 -127120 0
27 0 0
0 0 1
1 -179919 0
28 0 0
0 0 1
1 -131147 0
29 0 0
0 0 1
1 -64229 0
30 0 0
0 0 1
1 -78416 0
-1 0 0
