91
1 0 0
0 0 1
1 6.71305e+07 0
2 0 0
0 0 1
1 4.82662e+07 0
3 0 0
0 0 1
1 3.2194e+07 0
4 0 0
0 0 1
1 2.29497e+07 0
5 0 0
0 0 1
1 1.73683e+07 0
6 0 0
0 0 1
1 1.26294e+07 0
7 0 0
0 0 1
1 9.1691e+06 0
8 0 0
0 0 1
1 7.47747e+06 0
9 0 0
0 0 1
1 6.3356e+06 0
10 0 0
0 0 1
1 4.9095e+06 0
11 0 0
0 0 1
1 3.88846e+06 0
12 0 0
0 0 1
1 3.74931e+06 0
13 0 0
0 0 1
1 3.79508e+06 0
14 0 0
0 0 1
1 3.55052e+06 0
15 0 0
0 0 1
1 3.51362e+06 0
16 0 0
0 0 1
1 3.8983e+06 0
17 0 0
0 0 1
1 3.98499e+06 0
18 0 0
0 0 1
1 3.34668e+06 0
19 0 0
0 0 1
1 2.58909e+06 0
20 0 0
0 0 1
1 2.28777e+06 0
21 0 0
0 0 1
1 2.16507e+06 0
22 0 0
0 0 1
1 1.8574e+06 0
23 0 0
0 0 1
1 1.60696e+06 0
24 0 0
0 0 1
1 1.64474e+06 0
25 0 0
0 0 1
1 1.6635e+06 0
26 0 0
0 0 1
1 1.43468e+06 0
27 0 0
0 0 1
1 1.27603e+06 0
28 0 0
0 0 1
1 1.41989e+06 0
29 0 0
0 0 1
1 1.53487e+06 0
30 0 0
0 0 1
1 1.34222e+06 0
-1 0 0
