91
1 0 0
0 0 1
1 4.08483e+08 0
2 0 0
0 0 1
1 3.00042e+08 0
3 0 0
0 0 1
1 2.09131e+08 0
4 0 0
0 0 1
1 1.40336e+08 0
5 0 0
0 0 1
1 9.36952e+07 0
6 0 0
0 0 1
1 6.23759e+07 0
7 0 0
0 0 1
1 4.1556e+07 0
8 0 0
0 0 1
1 2.81305e+07 0
9 0 0
0 0 1
1 1.9771e+07 0
10 0 0
0 0 1
1 1.50159e+07 0
11 0 0
0 0 1
1 1.23474e+07 0
12 0 0
0 0 1
1 1.13858e+07 0
13 0 0
0 0 1
1 1.17333e+07 0
14 0 0
0 0 1
1 1.34567e+07 0
15 0 0
0 0 1
1 1.53334e+07 0
16 0 0
0 0 1
1 1.46942e+07 0
17 0 0
0 0 1
1 1.16405e+07 0
18 0 0
0 0 1
1 8.76564e+06 0
19 0 0
0 0 1
1 6.32011e+06 0
20 0 0
0 0 1
1 4.58407e+06 0
21 0 0
0 0 1
1 3.30987e+06 0
22 0 0
0 0 1
1 2.49332e+06 0
23 0 0
0 0 1
1 1.83853e+06 0
24 0 0
0 0 1
1 1.4459e+06 0
25 0 0
0 0 1
1 1.12469e+06 0
26 0 0
0 0 1
1 926713 0
27 0 0
0 0 1
1 706423 0
28 0 0
0 0 1
1 615800 0
29 0 0
0 0 1
1 511350 0
30 0 0
0 0 1
1 483388 0
-1 0 0
