91
1 0 0
0 0 1
1 1.09352e+08 0
2 0 0
0 0 1
1 8.95549e+07 0
3 0 0
0 0 1
1 6.31762e+07 0
4 0 0
0 0 1
1 4.08272e+07 0
5 0 0
0 0 1
1 2.73411e+07 0
6 0 0
0 0 1
1 1.96739e+07 0
7 0 0
0 0 1
1 1.36564e+07 0
8 0 0
0 0 1
1 8.96892e+06 0
9 0 0
0 0 1
1 6.59915e+06 0
10 0 0
0 0 1
1 5.4308e+06 0
11 0 0
0 0 1
1 3.88273e+06 0
12 0 0
0 0 1
1 2.50135e+06 0
13 0 0
0 0 1
1 2.49995e+06 0
14 0 0
0 0 1
1 3.29366e+06 0
15 0 0
0 0 1
1 3.52332e+06 0
16 0 0
0 0 1
1 3.261e+06 0
17 0 0
0 0 1
1 3.31782e+06 0
18 0 0
0 0 1
1 3.38842e+06 0
19 0 0
0 0 1
1 2.67703e+06 0
20 0 0
0 0 1
1 1.59052e+06 0
21 0 0
0 0 1
1 1.13836e+06 0
22 0 0
0 0 1
1 1.21658e+06 0
23 0 0
0 0 1
1 986527 0
24 0 0
0 0 1
1 476546 0
25 0 0
0 0 1
1 382543 0
26 0 0
0 0 1
1 649015 0
27 0 0
0 0 1
1 603480 0
28 0 0
0 0 1
1 254116 0
29 0 0
0 0 1
1 206592 0
30 0 0
0 0 1
1 462395 0
-1 0 0
