91
1 0 0
0 0 1
1 1.6048e+07 0
2 0 0
0 0 1
1 1.26461e+07 0
3 0 0
0 0 1
1 8.49321e+06 0
4 0 0
0 0 1
1 5.50346e+06 0
5 0 0
0 0 1
1 3.81469e+06 0
6 0 0
0 0 1
1 2.67939e+06 0
7 0 0
0 0 1
1 1.79175e+06 0
8 0 0
0 0 1
1 1.28712e+06 0
9 0 0
0 0 1
1 1.07397e+06 0
10 0 0
0 0 1
1 841994 0
11 0 0
0 0 1
1 540099 0
12 0 0
0 0 1
1 365954 0
13 0 0
0 0 1
1 357004 0
14 0 0
0 0 1
1 349319 0
15 0 0
0 0 1
1 293869 0
16 0 0
0 0 1
1 303585 0
17 0 0
0 0 1
1 393573 0
18 0 0
0 0 1
1 431832 0
19 0 0
0 0 1
1 362196 0
20 0 0
0 0 1
1 265453 0
21 0 0
0 0 1
1 184972 0
22 0 0
0 0 1
1 80121 0
23 0 0
0 0 1
1 -29937 0
24 0 0
0 0 1
1 -53872 0
25 0 0
0 0 1
1 9323 0
26 0 0
0 0 1
1 52194 0
27 0 0
0 0 1
1 36020 0
28 0 0
0 0 1
1 38306 0
29 0 0
0 0 1
1 85314 0
30 0 0
0 0 1
1 85786 0
-1 0 0
