91
1 0 0
0 0 1
1 1.74556e+08 0
2 0 0
0 0 1
1 1.38339e+08 0
3 0 0
0 0 1
1 9.30036e+07 0
4 0 0
0 0 1
1 6.0333e+07 0
5 0 0
0 0 1
1 4.27817e+07 0
6 0 0
0 0 1
1 3.13992e+07 0
7 0 0
0 0 1
1 2.15788e+07 0
8 0 0
0 0 1
1 1.5057e+07 0
9 0 0
0 0 1
1 1.21763e+07 0
10 0 0
0 0 1
1 1.00958e+07 0
11 0 0
0 0 1
1 7.59836e+06 0
12 0 0
0 0 1
1 6.15217e+06 0
13 0 0
0 0 1
1 6.1747e+06 0
14 0 0
0 0 1
1 6.19337e+06 0
15 0 0
0 0 1
1 5.79393e+06 0
16 0 0
0 0 1
1 6.07559e+06 0
17 0 0
0 0 1
1 6.92689e+06 0
18 0 0
0 0 1
1 6.71145e+06 0
19 0 0
0 0 1
1 5.06103e+06 0
20 0 0
0 0 1
1 3.52883e+06 0
21 0 0
0 0 1
1 3.0111e+06 0
22 0 0
0 0 1
1 2.674e+06 0
23 0 0
0 0 1
1 1.91417e+06 0
24 0 0
0 0 1
1 1.3903e+06 0
25 0 0
0 0 1
1 1.49436e+06 0
26 0 0
0 0 1
1 1.53286e+06 0
27 0 0
0 0 1
1 1.10192e+06 0
28 0 0
0 0 1
1 810887 0
29 0 0
0 0 1
1 1.01533e+06 0
30 0 0
0 0 1
1 1.13418e+06 0
-1 0 0
