DU=C:/Bruker/XWIN-NMR, USER=cui, NAME=expnmr_00357, EXPNO=1, PROCNO=1
F1=8.115ppm, F2=-0.385ppm, MI=0.12cm, MAXI=36.00cm, PC=3.000
     #     ADDRESS            FREQUENCY         INTENSITY
                           [Hz]        [PPM]
     1     22726.7     3480.068       6.9624         9.67
     2     22745.4     3478.067       6.9584        10.54
     3     22773.0     3475.112       6.9524         8.58
     4     22849.7     3466.920       6.9361        12.50
     5     23136.5     3436.271       6.8747         8.03
     6     23155.0     3434.293       6.8708         7.49
     7     23213.6     3428.040       6.8583         5.87
     8     23231.8     3426.094       6.8544         5.41
     9     32404.0     2446.005       4.8936         1.07
    10     32443.9     2441.740       4.8850         1.20
    11     32484.2     2437.437       4.8764         1.24
    12     32524.0     2433.181       4.8679         1.16
    13     33184.6     2362.590       4.7267         0.20
    14     35061.1     2162.076       4.3255         1.87
    15     39983.1     1636.141       3.2733         4.23
    16     40023.2     1631.858       3.2648         4.76
    17     40105.4     1623.076       3.2472        11.17
    18     40145.5     1618.795       3.2386        10.78
    19     40241.3     1608.557       3.2181        11.00
    20     40321.9     1599.940       3.2009        10.55
    21     40363.5     1595.499       3.1920         4.77
    22     40444.2     1586.874       3.1748         4.79
    23     41618.9     1461.350       2.9236         0.15
    24     41692.3     1453.511       2.9080         0.18
    25     41767.3     1445.490       2.8919         0.19
    26     52315.4      318.383       0.6370         0.14
    27     52394.2      309.961       0.6201         0.13
    28     52473.9      301.450       0.6031         0.14
    29     55295.3       -0.035      -0.0001         2.22
