91
1 0 0
0 0 1
1 3.39853e+08 0
2 0 0
0 0 1
1 2.41144e+08 0
3 0 0
0 0 1
1 1.71671e+08 0
4 0 0
0 0 1
1 1.27689e+08 0
5 0 0
0 0 1
1 9.88906e+07 0
6 0 0
0 0 1
1 7.3297e+07 0
7 0 0
0 0 1
1 5.26218e+07 0
8 0 0
0 0 1
1 3.76596e+07 0
9 0 0
0 0 1
1 2.80475e+07 0
10 0 0
0 0 1
1 2.16574e+07 0
11 0 0
0 0 1
1 1.79778e+07 0
12 0 0
0 0 1
1 1.58846e+07 0
13 0 0
0 0 1
1 1.51781e+07 0
14 0 0
0 0 1
1 1.46207e+07 0
15 0 0
0 0 1
1 1.43819e+07 0
16 0 0
0 0 1
1 1.33598e+07 0
17 0 0
0 0 1
1 1.0829e+07 0
18 0 0
0 0 1
1 8.00424e+06 0
19 0 0
0 0 1
1 6.18837e+06 0
20 0 0
0 0 1
1 4.86522e+06 0
21 0 0
0 0 1
1 4.02159e+06 0
22 0 0
0 0 1
1 3.14809e+06 0
23 0 0
0 0 1
1 2.53056e+06 0
24 0 0
0 0 1
1 1.97007e+06 0
25 0 0
0 0 1
1 1.68573e+06 0
26 0 0
0 0 1
1 1.40117e+06 0
27 0 0
0 0 1
1 1.3088e+06 0
28 0 0
0 0 1
1 1.15891e+06 0
29 0 0
0 0 1
1 1.13649e+06 0
30 0 0
0 0 1
1 1.03014e+06 0
-1 0 0
