91
1 0 0
0 0 1
1 3.91694e+06 0
2 0 0
0 0 1
1 3.18534e+06 0
3 0 0
0 0 1
1 2.3663e+06 0
4 0 0
0 0 1
1 1.67891e+06 0
5 0 0
0 0 1
1 1.24003e+06 0
6 0 0
0 0 1
1 1.0078e+06 0
7 0 0
0 0 1
1 818508 0
8 0 0
0 0 1
1 593095 0
9 0 0
0 0 1
1 443674 0
10 0 0
0 0 1
1 474491 0
11 0 0
0 0 1
1 572938 0
12 0 0
0 0 1
1 547698 0
13 0 0
0 0 1
1 406511 0
14 0 0
0 0 1
1 322928 0
15 0 0
0 0 1
1 353070 0
16 0 0
0 0 1
1 360326 0
17 0 0
0 0 1
1 239020 0
18 0 0
0 0 1
1 64104 0
19 0 0
0 0 1
1 -21106 0
20 0 0
0 0 1
1 43163 0
21 0 0
0 0 1
1 214578 0
22 0 0
0 0 1
1 381077 0
23 0 0
0 0 1
1 411091 0
24 0 0
0 0 1
1 285979 0
25 0 0
0 0 1
1 174524 0
26 0 0
0 0 1
1 239800 0
27 0 0
0 0 1
1 384813 0
28 0 0
0 0 1
1 367581 0
29 0 0
0 0 1
1 175794 0
30 0 0
0 0 1
1 61456 0
-1 0 0
