91
1 0 0
0 0 1
1 1.94103e+08 0
2 0 0
0 0 1
1 1.64475e+08 0
3 0 0
0 0 1
1 1.27999e+08 0
4 0 0
0 0 1
1 9.35547e+07 0
5 0 0
0 0 1
1 6.61484e+07 0
6 0 0
0 0 1
1 4.65462e+07 0
7 0 0
0 0 1
1 3.31442e+07 0
8 0 0
0 0 1
1 2.40154e+07 0
9 0 0
0 0 1
1 1.77802e+07 0
10 0 0
0 0 1
1 1.35442e+07 0
11 0 0
0 0 1
1 1.07325e+07 0
12 0 0
0 0 1
1 9.04403e+06 0
13 0 0
0 0 1
1 8.29159e+06 0
14 0 0
0 0 1
1 8.1693e+06 0
15 0 0
0 0 1
1 8.23495e+06 0
16 0 0
0 0 1
1 8.10491e+06 0
17 0 0
0 0 1
1 7.59181e+06 0
18 0 0
0 0 1
1 6.69382e+06 0
19 0 0
0 0 1
1 5.55417e+06 0
20 0 0
0 0 1
1 4.40634e+06 0
21 0 0
0 0 1
1 3.4398e+06 0
22 0 0
0 0 1
1 2.68917e+06 0
23 0 0
0 0 1
1 2.09824e+06 0
24 0 0
0 0 1
1 1.6558e+06 0
25 0 0
0 0 1
1 1.3853e+06 0
26 0 0
0 0 1
1 1.23379e+06 0
27 0 0
0 0 1
1 1.08612e+06 0
28 0 0
0 0 1
1 900882 0
29 0 0
0 0 1
1 741854 0
30 0 0
0 0 1
1 658477 0
-1 0 0
