91
1 0 0
0 0 1
1 2.88202e+08 0
2 0 0
0 0 1
1 2.18046e+08 0
3 0 0
0 0 1
1 1.51902e+08 0
4 0 0
0 0 1
1 1.06679e+08 0
5 0 0
0 0 1
1 7.85689e+07 0
6 0 0
0 0 1
1 5.73289e+07 0
7 0 0
0 0 1
1 4.06945e+07 0
8 0 0
0 0 1
1 3.08083e+07 0
9 0 0
0 0 1
1 2.55587e+07 0
10 0 0
0 0 1
1 2.08214e+07 0
11 0 0
0 0 1
1 1.67124e+07 0
12 0 0
0 0 1
1 1.54945e+07 0
13 0 0
0 0 1
1 1.60943e+07 0
14 0 0
0 0 1
1 1.56368e+07 0
15 0 0
0 0 1
1 1.41882e+07 0
16 0 0
0 0 1
1 1.35668e+07 0
17 0 0
0 0 1
1 1.3198e+07 0
18 0 0
0 0 1
1 1.11991e+07 0
19 0 0
0 0 1
1 8.24481e+06 0
20 0 0
0 0 1
1 6.60247e+06 0
21 0 0
0 0 1
1 6.25362e+06 0
22 0 0
0 0 1
1 5.3486e+06 0
23 0 0
0 0 1
1 3.76847e+06 0
24 0 0
0 0 1
1 3.04539e+06 0
25 0 0
0 0 1
1 3.24115e+06 0
26 0 0
0 0 1
1 2.90703e+06 0
27 0 0
0 0 1
1 1.91299e+06 0
28 0 0
0 0 1
1 1.57132e+06 0
29 0 0
0 0 1
1 2.01011e+06 0
30 0 0
0 0 1
1 1.94408e+06 0
-1 0 0
