91
1 0 0
0 0 1
1 3.8204e+08 0
2 0 0
0 0 1
1 2.70753e+08 0
3 0 0
0 0 1
1 1.78364e+08 0
4 0 0
0 0 1
1 1.15062e+08 0
5 0 0
0 0 1
1 7.623e+07 0
6 0 0
0 0 1
1 5.11659e+07 0
7 0 0
0 0 1
1 3.50351e+07 0
8 0 0
0 0 1
1 2.5221e+07 0
9 0 0
0 0 1
1 1.98766e+07 0
10 0 0
0 0 1
1 1.70486e+07 0
11 0 0
0 0 1
1 1.58009e+07 0
12 0 0
0 0 1
1 1.57708e+07 0
13 0 0
0 0 1
1 1.67647e+07 0
14 0 0
0 0 1
1 1.81677e+07 0
15 0 0
0 0 1
1 1.82761e+07 0
16 0 0
0 0 1
1 1.58356e+07 0
17 0 0
0 0 1
1 1.23718e+07 0
18 0 0
0 0 1
1 9.33964e+06 0
19 0 0
0 0 1
1 7.10076e+06 0
20 0 0
0 0 1
1 5.62142e+06 0
21 0 0
0 0 1
1 4.60321e+06 0
22 0 0
0 0 1
1 3.82654e+06 0
23 0 0
0 0 1
1 3.28971e+06 0
24 0 0
0 0 1
1 2.91081e+06 0
25 0 0
0 0 1
1 2.63116e+06 0
26 0 0
0 0 1
1 2.38865e+06 0
27 0 0
0 0 1
1 2.17156e+06 0
28 0 0
0 0 1
1 1.97994e+06 0
29 0 0
0 0 1
1 1.78318e+06 0
30 0 0
0 0 1
1 1.62246e+06 0
-1 0 0
