91
1 0 0
0 0 1
1 2.64921e+07 0
2 0 0
0 0 1
1 2.05141e+07 0
3 0 0
0 0 1
1 1.51899e+07 0
4 0 0
0 0 1
1 1.12446e+07 0
5 0 0
0 0 1
1 8.3968e+06 0
6 0 0
0 0 1
1 6.40894e+06 0
7 0 0
0 0 1
1 5.18398e+06 0
8 0 0
0 0 1
1 4.40175e+06 0
9 0 0
0 0 1
1 3.65995e+06 0
10 0 0
0 0 1
1 2.88678e+06 0
11 0 0
0 0 1
1 2.302e+06 0
12 0 0
0 0 1
1 2.02785e+06 0
13 0 0
0 0 1
1 1.95111e+06 0
14 0 0
0 0 1
1 1.92146e+06 0
15 0 0
0 0 1
1 1.90706e+06 0
16 0 0
0 0 1
1 1.95137e+06 0
17 0 0
0 0 1
1 2.07832e+06 0
18 0 0
0 0 1
1 2.24802e+06 0
19 0 0
0 0 1
1 2.37395e+06 0
20 0 0
0 0 1
1 2.41927e+06 0
21 0 0
0 0 1
1 2.50279e+06 0
22 0 0
0 0 1
1 2.85853e+06 0
23 0 0
0 0 1
1 3.64851e+06 0
24 0 0
0 0 1
1 4.84923e+06 0
25 0 0
0 0 1
1 6.3938e+06 0
26 0 0
0 0 1
1 8.49046e+06 0
27 0 0
0 0 1
1 1.17679e+07 0
28 0 0
0 0 1
1 1.68284e+07 0
29 0 0
0 0 1
1 2.32614e+07 0
30 0 0
0 0 1
1 2.90746e+07 0
-1 0 0
