91
1 0 0
0 0 1
1 3.64655e+08 0
2 0 0
0 0 1
1 2.68442e+08 0
3 0 0
0 0 1
1 1.86231e+08 0
4 0 0
0 0 1
1 1.31834e+08 0
5 0 0
0 0 1
1 9.58796e+07 0
6 0 0
0 0 1
1 6.95249e+07 0
7 0 0
0 0 1
1 5.11921e+07 0
8 0 0
0 0 1
1 3.92695e+07 0
9 0 0
0 0 1
1 3.00846e+07 0
10 0 0
0 0 1
1 2.2441e+07 0
11 0 0
0 0 1
1 1.77447e+07 0
12 0 0
0 0 1
1 1.58518e+07 0
13 0 0
0 0 1
1 1.49238e+07 0
14 0 0
0 0 1
1 1.45838e+07 0
15 0 0
0 0 1
1 1.54881e+07 0
16 0 0
0 0 1
1 1.64101e+07 0
17 0 0
0 0 1
1 1.51266e+07 0
18 0 0
0 0 1
1 1.18574e+07 0
19 0 0
0 0 1
1 8.93238e+06 0
20 0 0
0 0 1
1 7.29623e+06 0
21 0 0
0 0 1
1 5.91753e+06 0
22 0 0
0 0 1
1 4.38798e+06 0
23 0 0
0 0 1
1 3.54136e+06 0
24 0 0
0 0 1
1 3.44279e+06 0
25 0 0
0 0 1
1 3.04683e+06 0
26 0 0
0 0 1
1 2.10754e+06 0
27 0 0
0 0 1
1 1.52842e+06 0
28 0 0
0 0 1
1 1.5976e+06 0
29 0 0
0 0 1
1 1.57385e+06 0
30 0 0
0 0 1
1 1.2115e+06 0
-1 0 0
