91
1 0 0
0 0 1
1 3.8887e+06 0
2 0 0
0 0 1
1 3.17961e+06 0
3 0 0
0 0 1
1 2.29733e+06 0
4 0 0
0 0 1
1 1.4879e+06 0
5 0 0
0 0 1
1 869844 0
6 0 0
0 0 1
1 470373 0
7 0 0
0 0 1
1 290640 0
8 0 0
0 0 1
1 285077 0
9 0 0
0 0 1
1 329291 0
10 0 0
0 0 1
1 292846 0
11 0 0
0 0 1
1 153339 0
12 0 0
0 0 1
1 -809 0
13 0 0
0 0 1
1 -74968 0
14 0 0
0 0 1
1 -43137 0
15 0 0
0 0 1
1 51230 0
16 0 0
0 0 1
1 108481 0
17 0 0
0 0 1
1 16576 0
18 0 0
0 0 1
1 -223447 0
19 0 0
0 0 1
1 -422056 0
20 0 0
0 0 1
1 -372193 0
21 0 0
0 0 1
1 -127216 0
22 0 0
0 0 1
1 26673 0
23 0 0
0 0 1
1 -49977 0
24 0 0
0 0 1
1 -146381 0
25 0 0
0 0 1
1 -23859 0
26 0 0
0 0 1
1 187470 0
27 0 0
0 0 1
1 147408 0
28 0 0
0 0 1
1 -184695 0
29 0 0
0 0 1
1 -469694 0
30 0 0
0 0 1
1 -468680 0
-1 0 0
