91
1 0 0
0 0 1
1 4.72401e+08 0
2 0 0
0 0 1
1 3.52192e+08 0
3 0 0
0 0 1
1 2.46311e+08 0
4 0 0
0 0 1
1 1.70457e+08 0
5 0 0
0 0 1
1 1.16893e+08 0
6 0 0
0 0 1
1 7.94165e+07 0
7 0 0
0 0 1
1 5.43464e+07 0
8 0 0
0 0 1
1 3.71829e+07 0
9 0 0
0 0 1
1 2.69972e+07 0
10 0 0
0 0 1
1 2.12068e+07 0
11 0 0
0 0 1
1 1.83993e+07 0
12 0 0
0 0 1
1 1.70512e+07 0
13 0 0
0 0 1
1 1.72017e+07 0
14 0 0
0 0 1
1 1.79941e+07 0
15 0 0
0 0 1
1 1.94634e+07 0
16 0 0
0 0 1
1 1.87943e+07 0
17 0 0
0 0 1
1 1.55081e+07 0
18 0 0
0 0 1
1 1.19739e+07 0
19 0 0
0 0 1
1 9.48134e+06 0
20 0 0
0 0 1
1 7.50457e+06 0
21 0 0
0 0 1
1 6.16584e+06 0
22 0 0
0 0 1
1 5.09569e+06 0
23 0 0
0 0 1
1 4.37276e+06 0
24 0 0
0 0 1
1 3.74275e+06 0
25 0 0
0 0 1
1 3.39648e+06 0
26 0 0
0 0 1
1 3.06767e+06 0
27 0 0
0 0 1
1 2.8875e+06 0
28 0 0
0 0 1
1 2.63583e+06 0
29 0 0
0 0 1
1 2.47455e+06 0
30 0 0
0 0 1
1 2.27437e+06 0
-1 0 0
