91
1 0 0
0 0 1
1 2.68125e+07 0
2 0 0
0 0 1
1 2.03638e+07 0
3 0 0
0 0 1
1 1.43746e+07 0
4 0 0
0 0 1
1 1.00381e+07 0
5 0 0
0 0 1
1 7.12606e+06 0
6 0 0
0 0 1
1 5.1784e+06 0
7 0 0
0 0 1
1 3.96847e+06 0
8 0 0
0 0 1
1 3.21266e+06 0
9 0 0
0 0 1
1 2.58334e+06 0
10 0 0
0 0 1
1 2.049e+06 0
11 0 0
0 0 1
1 1.78145e+06 0
12 0 0
0 0 1
1 1.71906e+06 0
13 0 0
0 0 1
1 1.56085e+06 0
14 0 0
0 0 1
1 1.19602e+06 0
15 0 0
0 0 1
1 834052 0
16 0 0
0 0 1
1 674479 0
17 0 0
0 0 1
1 690408 0
18 0 0
0 0 1
1 762223 0
19 0 0
0 0 1
1 808352 0
20 0 0
0 0 1
1 758511 0
21 0 0
0 0 1
1 588646 0
22 0 0
0 0 1
1 408283 0
23 0 0
0 0 1
1 353524 0
24 0 0
0 0 1
1 386586 0
25 0 0
0 0 1
1 349187 0
26 0 0
0 0 1
1 201991 0
27 0 0
0 0 1
1 56510 0
28 0 0
0 0 1
1 -13249 0
29 0 0
0 0 1
1 -28751 0
30 0 0
0 0 1
1 7118 0
-1 0 0
