91
1 0 0
0 0 1
1 1.71049e+08 0
2 0 0
0 0 1
1 1.38529e+08 0
3 0 0
0 0 1
1 1.03832e+08 0
4 0 0
0 0 1
1 7.67962e+07 0
5 0 0
0 0 1
1 5.7541e+07 0
6 0 0
0 0 1
1 4.30051e+07 0
7 0 0
0 0 1
1 3.21784e+07 0
8 0 0
0 0 1
1 2.48746e+07 0
9 0 0
0 0 1
1 1.96967e+07 0
10 0 0
0 0 1
1 1.53691e+07 0
11 0 0
0 0 1
1 1.21424e+07 0
12 0 0
0 0 1
1 1.04333e+07 0
13 0 0
0 0 1
1 9.50456e+06 0
14 0 0
0 0 1
1 8.6267e+06 0
15 0 0
0 0 1
1 8.2318e+06 0
16 0 0
0 0 1
1 8.71961e+06 0
17 0 0
0 0 1
1 9.16633e+06 0
18 0 0
0 0 1
1 8.42632e+06 0
19 0 0
0 0 1
1 6.76872e+06 0
20 0 0
0 0 1
1 5.32464e+06 0
21 0 0
0 0 1
1 4.48073e+06 0
22 0 0
0 0 1
1 3.82267e+06 0
23 0 0
0 0 1
1 3.1997e+06 0
24 0 0
0 0 1
1 2.83451e+06 0
25 0 0
0 0 1
1 2.62982e+06 0
26 0 0
0 0 1
1 2.25025e+06 0
27 0 0
0 0 1
1 1.78339e+06 0
28 0 0
0 0 1
1 1.61261e+06 0
29 0 0
0 0 1
1 1.71674e+06 0
30 0 0
0 0 1
1 1.68935e+06 0
-1 0 0
