91
1 0 0
0 0 1
1 1.03752e+08 0
2 0 0
0 0 1
1 8.06098e+07 0
3 0 0
0 0 1
1 5.57011e+07 0
4 0 0
0 0 1
1 3.75773e+07 0
5 0 0
0 0 1
1 2.66175e+07 0
6 0 0
0 0 1
1 1.95032e+07 0
7 0 0
0 0 1
1 1.43681e+07 0
8 0 0
0 0 1
1 1.08825e+07 0
9 0 0
0 0 1
1 8.40126e+06 0
10 0 0
0 0 1
1 6.2619e+06 0
11 0 0
0 0 1
1 4.78415e+06 0
12 0 0
0 0 1
1 4.42949e+06 0
13 0 0
0 0 1
1 4.60704e+06 0
14 0 0
0 0 1
1 4.40925e+06 0
15 0 0
0 0 1
1 3.93649e+06 0
16 0 0
0 0 1
1 3.85525e+06 0
17 0 0
0 0 1
1 4.08842e+06 0
18 0 0
0 0 1
1 3.93186e+06 0
19 0 0
0 0 1
1 3.20311e+06 0
20 0 0
0 0 1
1 2.39574e+06 0
21 0 0
0 0 1
1 1.84404e+06 0
22 0 0
0 0 1
1 1.48912e+06 0
23 0 0
0 0 1
1 1.34793e+06 0
24 0 0
0 0 1
1 1.48805e+06 0
25 0 0
0 0 1
1 1.5877e+06 0
26 0 0
0 0 1
1 1.20062e+06 0
27 0 0
0 0 1
1 487261 0
28 0 0
0 0 1
1 85795 0
29 0 0
0 0 1
1 210142 0
30 0 0
0 0 1
1 439527 0
-1 0 0
