91
1 0 0
0 0 1
1 1.14527e+07 0
2 0 0
0 0 1
1 9.51127e+06 0
3 0 0
0 0 1
1 7.36672e+06 0
4 0 0
0 0 1
1 5.4103e+06 0
5 0 0
0 0 1
1 3.87686e+06 0
6 0 0
0 0 1
1 2.78995e+06 0
7 0 0
0 0 1
1 2.0509e+06 0
8 0 0
0 0 1
1 1.55031e+06 0
9 0 0
0 0 1
1 1.21356e+06 0
10 0 0
0 0 1
1 998164 0
11 0 0
0 0 1
1 877972 0
12 0 0
0 0 1
1 828646 0
13 0 0
0 0 1
1 829517 0
14 0 0
0 0 1
1 873973 0
15 0 0
0 0 1
1 957967 0
16 0 0
0 0 1
1 1.06231e+06 0
17 0 0
0 0 1
1 1.1746e+06 0
18 0 0
0 0 1
1 1.31973e+06 0
19 0 0
0 0 1
1 1.52662e+06 0
20 0 0
0 0 1
1 1.77432e+06 0
21 0 0
0 0 1
1 2.02995e+06 0
22 0 0
0 0 1
1 2.33747e+06 0
23 0 0
0 0 1
1 2.80011e+06 0
24 0 0
0 0 1
1 3.4788e+06 0
25 0 0
0 0 1
1 4.40027e+06 0
26 0 0
0 0 1
1 5.66532e+06 0
27 0 0
0 0 1
1 7.39404e+06 0
28 0 0
0 0 1
1 9.46142e+06 0
29 0 0
0 0 1
1 1.13791e+07 0
30 0 0
0 0 1
1 1.25635e+07 0
-1 0 0
