91
1 0 0
0 0 1
1 1.5252e+07 0
2 0 0
0 0 1
1 1.19382e+07 0
3 0 0
0 0 1
1 8.3004e+06 0
4 0 0
0 0 1
1 5.46615e+06 0
5 0 0
0 0 1
1 3.65839e+06 0
6 0 0
0 0 1
1 2.53906e+06 0
7 0 0
0 0 1
1 1.78895e+06 0
8 0 0
0 0 1
1 1.27588e+06 0
9 0 0
0 0 1
1 923307 0
10 0 0
0 0 1
1 667797 0
11 0 0
0 0 1
1 513937 0
12 0 0
0 0 1
1 484068 0
13 0 0
0 0 1
1 517550 0
14 0 0
0 0 1
1 517948 0
15 0 0
0 0 1
1 483719 0
16 0 0
0 0 1
1 486670 0
17 0 0
0 0 1
1 519490 0
18 0 0
0 0 1
1 473788 0
19 0 0
0 0 1
1 301207 0
20 0 0
0 0 1
1 101621 0
21 0 0
0 0 1
1 -1632 0
22 0 0
0 0 1
1 -1438 0
23 0 0
0 0 1
1 34002 0
24 0 0
0 0 1
1 72890 0
25 0 0
0 0 1
1 115790 0
26 0 0
0 0 1
1 130885 0
27 0 0
0 0 1
1 82813 0
28 0 0
0 0 1
1 5734 0
29 0 0
0 0 1
1 -32409 0
30 0 0
0 0 1
1 -29135 0
-1 0 0
