91
1 0 0
0 0 1
1 3.92425e+06 0
2 0 0
0 0 1
1 3.31042e+06 0
3 0 0
0 0 1
1 2.58729e+06 0
4 0 0
0 0 1
1 1.95714e+06 0
5 0 0
0 0 1
1 1.47464e+06 0
6 0 0
0 0 1
1 1.09438e+06 0
7 0 0
0 0 1
1 782231 0
8 0 0
0 0 1
1 568980 0
9 0 0
0 0 1
1 490317 0
10 0 0
0 0 1
1 502356 0
11 0 0
0 0 1
1 507214 0
12 0 0
0 0 1
1 468005 0
13 0 0
0 0 1
1 443754 0
14 0 0
0 0 1
1 479765 0
15 0 0
0 0 1
1 511634 0
16 0 0
0 0 1
1 432539 0
17 0 0
0 0 1
1 236364 0
18 0 0
0 0 1
1 45199 0
19 0 0
0 0 1
1 -4930 0
20 0 0
0 0 1
1 116300 0
21 0 0
0 0 1
1 307359 0
22 0 0
0 0 1
1 401001 0
23 0 0
0 0 1
1 289095 0
24 0 0
0 0 1
1 30042 0
25 0 0
0 0 1
1 -184162 0
26 0 0
0 0 1
1 -210883 0
27 0 0
0 0 1
1 -92288 0
28 0 0
0 0 1
1 25771 0
29 0 0
0 0 1
1 72061 0
30 0 0
0 0 1
1 84363 0
-1 0 0
