91
1 0 0
0 0 1
1 3.55122e+08 0
2 0 0
0 0 1
1 2.43518e+08 0
3 0 0
0 0 1
1 1.55223e+08 0
4 0 0
0 0 1
1 1.03294e+08 0
5 0 0
0 0 1
1 7.26699e+07 0
6 0 0
0 0 1
1 5.5058e+07 0
7 0 0
0 0 1
1 4.33894e+07 0
8 0 0
0 0 1
1 3.61419e+07 0
9 0 0
0 0 1
1 3.088e+07 0
10 0 0
0 0 1
1 2.77369e+07 0
11 0 0
0 0 1
1 2.55017e+07 0
12 0 0
0 0 1
1 2.46494e+07 0
13 0 0
0 0 1
1 2.4149e+07 0
14 0 0
0 0 1
1 2.38927e+07 0
15 0 0
0 0 1
1 2.32078e+07 0
16 0 0
0 0 1
1 2.13305e+07 0
17 0 0
0 0 1
1 1.72304e+07 0
18 0 0
0 0 1
1 1.31988e+07 0
19 0 0
0 0 1
1 9.88421e+06 0
20 0 0
0 0 1
1 7.79607e+06 0
21 0 0
0 0 1
1 6.17886e+06 0
22 0 0
0 0 1
1 5.22301e+06 0
23 0 0
0 0 1
1 4.32509e+06 0
24 0 0
0 0 1
1 3.7556e+06 0
25 0 0
0 0 1
1 3.12277e+06 0
26 0 0
0 0 1
1 2.78017e+06 0
27 0 0
0 0 1
1 2.38738e+06 0
28 0 0
0 0 1
1 2.22191e+06 0
29 0 0
0 0 1
1 1.92957e+06 0
30 0 0
0 0 1
1 1.79779e+06 0
-1 0 0
