91
1 0 0
0 0 1
1 2.80326e+08 0
2 0 0
0 0 1
1 2.1859e+08 0
3 0 0
0 0 1
1 1.66067e+08 0
4 0 0
0 0 1
1 1.28416e+08 0
5 0 0
0 0 1
1 1.00864e+08 0
6 0 0
0 0 1
1 7.95405e+07 0
7 0 0
0 0 1
1 6.41246e+07 0
8 0 0
0 0 1
1 5.37095e+07 0
9 0 0
0 0 1
1 4.57929e+07 0
10 0 0
0 0 1
1 3.91077e+07 0
11 0 0
0 0 1
1 3.4195e+07 0
12 0 0
0 0 1
1 3.11399e+07 0
13 0 0
0 0 1
1 2.8962e+07 0
14 0 0
0 0 1
1 2.71292e+07 0
15 0 0
0 0 1
1 2.57441e+07 0
16 0 0
0 0 1
1 2.42749e+07 0
17 0 0
0 0 1
1 2.17984e+07 0
18 0 0
0 0 1
1 1.85567e+07 0
19 0 0
0 0 1
1 1.58055e+07 0
20 0 0
0 0 1
1 1.40244e+07 0
21 0 0
0 0 1
1 1.25471e+07 0
22 0 0
0 0 1
1 1.09897e+07 0
23 0 0
0 0 1
1 9.7561e+06 0
24 0 0
0 0 1
1 8.9809e+06 0
25 0 0
0 0 1
1 8.1727e+06 0
26 0 0
0 0 1
1 7.17e+06 0
27 0 0
0 0 1
1 6.42114e+06 0
28 0 0
0 0 1
1 6.05636e+06 0
29 0 0
0 0 1
1 5.62631e+06 0
30 0 0
0 0 1
1 5.01465e+06 0
-1 0 0
