91
1 0 0
0 0 1
1 1.52004e+07 0
2 0 0
0 0 1
1 1.21005e+07 0
3 0 0
0 0 1
1 8.42426e+06 0
4 0 0
0 0 1
1 5.68289e+06 0
5 0 0
0 0 1
1 3.95927e+06 0
6 0 0
0 0 1
1 2.74811e+06 0
7 0 0
0 0 1
1 1.88004e+06 0
8 0 0
0 0 1
1 1.39788e+06 0
9 0 0
0 0 1
1 1.14121e+06 0
10 0 0
0 0 1
1 889314 0
11 0 0
0 0 1
1 657851 0
12 0 0
0 0 1
1 558778 0
13 0 0
0 0 1
1 542590 0
14 0 0
0 0 1
1 501466 0
15 0 0
0 0 1
1 470426 0
16 0 0
0 0 1
1 519419 0
17 0 0
0 0 1
1 569137 0
18 0 0
0 0 1
1 502180 0
19 0 0
0 0 1
1 361274 0
20 0 0
0 0 1
1 269042 0
21 0 0
0 0 1
1 230402 0
22 0 0
0 0 1
1 168642 0
23 0 0
0 0 1
1 89457 0
24 0 0
0 0 1
1 59756 0
25 0 0
0 0 1
1 71805 0
26 0 0
0 0 1
1 63661 0
27 0 0
0 0 1
1 38917 0
28 0 0
0 0 1
1 46100 0
29 0 0
0 0 1
1 70410 0
30 0 0
0 0 1
1 57407 0
-1 0 0
