91
1 0 0
0 0 1
1 6.45176e+07 0
2 0 0
0 0 1
1 5.35891e+07 0
3 0 0
0 0 1
1 4.11164e+07 0
4 0 0
0 0 1
1 2.94524e+07 0
5 0 0
0 0 1
1 2.03651e+07 0
6 0 0
0 0 1
1 1.4446e+07 0
7 0 0
0 0 1
1 1.08914e+07 0
8 0 0
0 0 1
1 8.39998e+06 0
9 0 0
0 0 1
1 6.36542e+06 0
10 0 0
0 0 1
1 4.95272e+06 0
11 0 0
0 0 1
1 4.24369e+06 0
12 0 0
0 0 1
1 3.8745e+06 0
13 0 0
0 0 1
1 3.53027e+06 0
14 0 0
0 0 1
1 3.25798e+06 0
15 0 0
0 0 1
1 3.10832e+06 0
16 0 0
0 0 1
1 2.88194e+06 0
17 0 0
0 0 1
1 2.45572e+06 0
18 0 0
0 0 1
1 2.02674e+06 0
19 0 0
0 0 1
1 1.77973e+06 0
20 0 0
0 0 1
1 1.57366e+06 0
21 0 0
0 0 1
1 1.21607e+06 0
22 0 0
0 0 1
1 833225 0
23 0 0
0 0 1
1 683624 0
24 0 0
0 0 1
1 741572 0
25 0 0
0 0 1
1 740613 0
26 0 0
0 0 1
1 561480 0
27 0 0
0 0 1
1 339706 0
28 0 0
0 0 1
1 216634 0
29 0 0
0 0 1
1 183870 0
30 0 0
0 0 1
1 174777 0
-1 0 0
