91
1 0 0
0 0 1
1 1.36188e+08 0
2 0 0
0 0 1
1 1.13099e+08 0
3 0 0
0 0 1
1 9.37269e+07 0
4 0 0
0 0 1
1 7.82304e+07 0
5 0 0
0 0 1
1 6.33392e+07 0
6 0 0
0 0 1
1 4.81903e+07 0
7 0 0
0 0 1
1 3.49866e+07 0
8 0 0
0 0 1
1 2.55812e+07 0
9 0 0
0 0 1
1 1.95035e+07 0
10 0 0
0 0 1
1 1.52731e+07 0
11 0 0
0 0 1
1 1.21364e+07 0
12 0 0
0 0 1
1 1.00258e+07 0
13 0 0
0 0 1
1 8.7717e+06 0
14 0 0
0 0 1
1 8.02502e+06 0
15 0 0
0 0 1
1 7.54459e+06 0
16 0 0
0 0 1
1 7.12866e+06 0
17 0 0
0 0 1
1 6.52597e+06 0
18 0 0
0 0 1
1 5.68487e+06 0
19 0 0
0 0 1
1 4.84017e+06 0
20 0 0
0 0 1
1 4.14672e+06 0
21 0 0
0 0 1
1 3.47028e+06 0
22 0 0
0 0 1
1 2.69968e+06 0
23 0 0
0 0 1
1 1.98592e+06 0
24 0 0
0 0 1
1 1.48789e+06 0
25 0 0
0 0 1
1 1.14974e+06 0
26 0 0
0 0 1
1 919164 0
27 0 0
0 0 1
1 910192 0
28 0 0
0 0 1
1 1.12201e+06 0
29 0 0
0 0 1
1 1.25436e+06 0
30 0 0
0 0 1
1 1.07486e+06 0
-1 0 0
