91
1 0 0
0 0 1
1 3.66622e+06 0
2 0 0
0 0 1
1 2.88169e+06 0
3 0 0
0 0 1
1 2.09583e+06 0
4 0 0
0 0 1
1 1.52068e+06 0
5 0 0
0 0 1
1 1.15406e+06 0
6 0 0
0 0 1
1 918081 0
7 0 0
0 0 1
1 759480 0
8 0 0
0 0 1
1 600889 0
9 0 0
0 0 1
1 387092 0
10 0 0
0 0 1
1 213596 0
11 0 0
0 0 1
1 216521 0
12 0 0
0 0 1
1 311262 0
13 0 0
0 0 1
1 263953 0
14 0 0
0 0 1
1 59277 0
15 0 0
0 0 1
1 -59211 0
16 0 0
0 0 1
1 12748 0
17 0 0
0 0 1
1 76000 0
18 0 0
0 0 1
1 -22012 0
19 0 0
0 0 1
1 -148499 0
20 0 0
0 0 1
1 -156857 0
21 0 0
0 0 1
1 -132499 0
22 0 0
0 0 1
1 -167135 0
23 0 0
0 0 1
1 -136442 0
24 0 0
0 0 1
1 51936 0
25 0 0
0 0 1
1 205211 0
26 0 0
0 0 1
1 122027 0
27 0 0
0 0 1
1 -49409 0
28 0 0
0 0 1
1 -33209 0
29 0 0
0 0 1
1 120151 0
30 0 0
0 0 1
1 124641 0
-1 0 0
