91
1 0 0
0 0 1
1 3.2513e+08 0
2 0 0
0 0 1
1 2.95347e+08 0
3 0 0
0 0 1
1 2.7384e+08 0
4 0 0
0 0 1
1 2.36215e+08 0
5 0 0
0 0 1
1 1.8098e+08 0
6 0 0
0 0 1
1 1.31946e+08 0
7 0 0
0 0 1
1 1.03153e+08 0
8 0 0
0 0 1
1 8.49929e+07 0
9 0 0
0 0 1
1 6.65043e+07 0
10 0 0
0 0 1
1 5.11139e+07 0
11 0 0
0 0 1
1 4.41924e+07 0
12 0 0
0 0 1
1 4.10253e+07 0
13 0 0
0 0 1
1 3.57657e+07 0
14 0 0
0 0 1
1 3.11427e+07 0
15 0 0
0 0 1
1 3.10534e+07 0
16 0 0
0 0 1
1 3.1915e+07 0
17 0 0
0 0 1
1 2.88975e+07 0
18 0 0
0 0 1
1 2.41252e+07 0
19 0 0
0 0 1
1 2.18513e+07 0
20 0 0
0 0 1
1 2.09314e+07 0
21 0 0
0 0 1
1 1.83395e+07 0
22 0 0
0 0 1
1 1.54308e+07 0
23 0 0
0 0 1
1 1.47246e+07 0
24 0 0
0 0 1
1 1.44584e+07 0
25 0 0
0 0 1
1 1.20012e+07 0
26 0 0
0 0 1
1 9.23915e+06 0
27 0 0
0 0 1
1 9.16729e+06 0
28 0 0
0 0 1
1 1.01625e+07 0
29 0 0
0 0 1
1 8.93225e+06 0
30 0 0
0 0 1
1 6.53377e+06 0
-1 0 0
