91
1 0 0
0 0 1
1 2.47135e+08 0
2 0 0
0 0 1
1 2.04809e+08 0
3 0 0
0 0 1
1 1.50786e+08 0
4 0 0
0 0 1
1 1.04934e+08 0
5 0 0
0 0 1
1 7.45432e+07 0
6 0 0
0 0 1
1 5.56071e+07 0
7 0 0
0 0 1
1 4.27416e+07 0
8 0 0
0 0 1
1 3.37784e+07 0
9 0 0
0 0 1
1 2.76238e+07 0
10 0 0
0 0 1
1 2.28181e+07 0
11 0 0
0 0 1
1 1.87624e+07 0
12 0 0
0 0 1
1 1.58361e+07 0
13 0 0
0 0 1
1 1.39838e+07 0
14 0 0
0 0 1
1 1.27109e+07 0
15 0 0
0 0 1
1 1.21361e+07 0
16 0 0
0 0 1
1 1.24175e+07 0
17 0 0
0 0 1
1 1.24685e+07 0
18 0 0
0 0 1
1 1.09258e+07 0
19 0 0
0 0 1
1 8.24053e+06 0
20 0 0
0 0 1
1 6.21954e+06 0
21 0 0
0 0 1
1 5.50832e+06 0
22 0 0
0 0 1
1 5.04642e+06 0
23 0 0
0 0 1
1 4.11326e+06 0
24 0 0
0 0 1
1 3.37546e+06 0
25 0 0
0 0 1
1 3.49247e+06 0
26 0 0
0 0 1
1 3.98821e+06 0
27 0 0
0 0 1
1 4.10359e+06 0
28 0 0
0 0 1
1 3.78676e+06 0
29 0 0
0 0 1
1 3.27105e+06 0
30 0 0
0 0 1
1 2.48303e+06 0
-1 0 0
