91
1 0 0
0 0 1
1 2.3333e+08 0
2 0 0
0 0 1
1 1.92066e+08 0
3 0 0
0 0 1
1 1.38925e+08 0
4 0 0
0 0 1
1 9.45885e+07 0
5 0 0
0 0 1
1 6.5463e+07 0
6 0 0
0 0 1
1 4.64119e+07 0
7 0 0
0 0 1
1 3.24256e+07 0
8 0 0
0 0 1
1 2.28121e+07 0
9 0 0
0 0 1
1 1.72107e+07 0
10 0 0
0 0 1
1 1.35683e+07 0
11 0 0
0 0 1
1 1.06029e+07 0
12 0 0
0 0 1
1 8.81294e+06 0
13 0 0
0 0 1
1 8.36854e+06 0
14 0 0
0 0 1
1 8.29267e+06 0
15 0 0
0 0 1
1 8.07701e+06 0
16 0 0
0 0 1
1 8.10876e+06 0
17 0 0
0 0 1
1 8.1576e+06 0
18 0 0
0 0 1
1 7.21709e+06 0
19 0 0
0 0 1
1 5.24454e+06 0
20 0 0
0 0 1
1 3.49687e+06 0
21 0 0
0 0 1
1 2.69981e+06 0
22 0 0
0 0 1
1 2.23624e+06 0
23 0 0
0 0 1
1 1.54338e+06 0
24 0 0
0 0 1
1 1.00235e+06 0
25 0 0
0 0 1
1 933980 0
26 0 0
0 0 1
1 885391 0
27 0 0
0 0 1
1 519413 0
28 0 0
0 0 1
1 254005 0
29 0 0
0 0 1
1 431341 0
30 0 0
0 0 1
1 660629 0
-1 0 0
