91
1 0 0
0 0 1
1 1.73495e+08 0
2 0 0
0 0 1
1 1.42061e+08 0
3 0 0
0 0 1
1 1.06418e+08 0
4 0 0
0 0 1
1 7.67215e+07 0
5 0 0
0 0 1
1 5.41623e+07 0
6 0 0
0 0 1
1 3.69145e+07 0
7 0 0
0 0 1
1 2.48049e+07 0
8 0 0
0 0 1
1 1.77695e+07 0
9 0 0
0 0 1
1 1.37998e+07 0
10 0 0
0 0 1
1 1.06646e+07 0
11 0 0
0 0 1
1 8.03233e+06 0
12 0 0
0 0 1
1 6.53305e+06 0
13 0 0
0 0 1
1 5.98831e+06 0
14 0 0
0 0 1
1 5.73472e+06 0
15 0 0
0 0 1
1 5.69248e+06 0
16 0 0
0 0 1
1 5.97407e+06 0
17 0 0
0 0 1
1 6.0753e+06 0
18 0 0
0 0 1
1 5.39892e+06 0
19 0 0
0 0 1
1 4.15198e+06 0
20 0 0
0 0 1
1 2.99676e+06 0
21 0 0
0 0 1
1 2.17097e+06 0
22 0 0
0 0 1
1 1.52627e+06 0
23 0 0
0 0 1
1 1.05729e+06 0
24 0 0
0 0 1
1 826656 0
25 0 0
0 0 1
1 655691 0
26 0 0
0 0 1
1 370421 0
27 0 0
0 0 1
1 112793 0
28 0 0
0 0 1
1 38360 0
29 0 0
0 0 1
1 -9190 0
30 0 0
0 0 1
1 -180277 0
-1 0 0
