91
1 0 0
0 0 1
1 1.7842e+07 0
2 0 0
0 0 1
1 1.34615e+07 0
3 0 0
0 0 1
1 8.95447e+06 0
4 0 0
0 0 1
1 5.80795e+06 0
5 0 0
0 0 1
1 4.03736e+06 0
6 0 0
0 0 1
1 2.95952e+06 0
7 0 0
0 0 1
1 2.15809e+06 0
8 0 0
0 0 1
1 1.572e+06 0
9 0 0
0 0 1
1 1.15483e+06 0
10 0 0
0 0 1
1 823714 0
11 0 0
0 0 1
1 582041 0
12 0 0
0 0 1
1 456850 0
13 0 0
0 0 1
1 390783 0
14 0 0
0 0 1
1 322295 0
15 0 0
0 0 1
1 278339 0
16 0 0
0 0 1
1 281601 0
17 0 0
0 0 1
1 259467 0
18 0 0
0 0 1
1 144336 0
19 0 0
0 0 1
1 -18393 0
20 0 0
0 0 1
1 -149883 0
21 0 0
0 0 1
1 -246879 0
22 0 0
0 0 1
1 -333429 0
23 0 0
0 0 1
1 -386476 0
24 0 0
0 0 1
1 -393675 0
25 0 0
0 0 1
1 -411011 0
26 0 0
0 0 1
1 -478021 0
27 0 0
0 0 1
1 -541168 0
28 0 0
0 0 1
1 -542516 0
29 0 0
0 0 1
1 -521038 0
30 0 0
0 0 1
1 -542557 0
-1 0 0
