91
1 0 0
0 0 1
1 2.5919e+08 0
2 0 0
0 0 1
1 2.06636e+08 0
3 0 0
0 0 1
1 1.51649e+08 0
4 0 0
0 0 1
1 1.08604e+08 0
5 0 0
0 0 1
1 7.86233e+07 0
6 0 0
0 0 1
1 5.86171e+07 0
7 0 0
0 0 1
1 4.62113e+07 0
8 0 0
0 0 1
1 3.84148e+07 0
9 0 0
0 0 1
1 3.19354e+07 0
10 0 0
0 0 1
1 2.58664e+07 0
11 0 0
0 0 1
1 2.13395e+07 0
12 0 0
0 0 1
1 1.85957e+07 0
13 0 0
0 0 1
1 1.6583e+07 0
14 0 0
0 0 1
1 1.49916e+07 0
15 0 0
0 0 1
1 1.44011e+07 0
16 0 0
0 0 1
1 1.44872e+07 0
17 0 0
0 0 1
1 1.39578e+07 0
18 0 0
0 0 1
1 1.23098e+07 0
19 0 0
0 0 1
1 1.02016e+07 0
20 0 0
0 0 1
1 8.19617e+06 0
21 0 0
0 0 1
1 6.41105e+06 0
22 0 0
0 0 1
1 5.1468e+06 0
23 0 0
0 0 1
1 4.57253e+06 0
24 0 0
0 0 1
1 4.04837e+06 0
25 0 0
0 0 1
1 3.00349e+06 0
26 0 0
0 0 1
1 2.16673e+06 0
27 0 0
0 0 1
1 2.60044e+06 0
28 0 0
0 0 1
1 3.78301e+06 0
29 0 0
0 0 1
1 4.08549e+06 0
30 0 0
0 0 1
1 3.08049e+06 0
-1 0 0
