91
1 0 0
0 0 1
1 1.26938e+08 0
2 0 0
0 0 1
1 1.01752e+08 0
3 0 0
0 0 1
1 8.00775e+07 0
4 0 0
0 0 1
1 6.00279e+07 0
5 0 0
0 0 1
1 4.0789e+07 0
6 0 0
0 0 1
1 2.57004e+07 0
7 0 0
0 0 1
1 1.69063e+07 0
8 0 0
0 0 1
1 1.22245e+07 0
9 0 0
0 0 1
1 8.73102e+06 0
10 0 0
0 0 1
1 6.06569e+06 0
11 0 0
0 0 1
1 4.81087e+06 0
12 0 0
0 0 1
1 4.32723e+06 0
13 0 0
0 0 1
1 3.85389e+06 0
14 0 0
0 0 1
1 3.829e+06 0
15 0 0
0 0 1
1 4.56378e+06 0
16 0 0
0 0 1
1 5.00192e+06 0
17 0 0
0 0 1
1 4.1652e+06 0
18 0 0
0 0 1
1 2.74282e+06 0
19 0 0
0 0 1
1 1.99328e+06 0
20 0 0
0 0 1
1 1.90803e+06 0
21 0 0
0 0 1
1 1.61462e+06 0
22 0 0
0 0 1
1 953707 0
23 0 0
0 0 1
1 534736 0
24 0 0
0 0 1
1 574071 0
25 0 0
0 0 1
1 621781 0
26 0 0
0 0 1
1 327204 0
27 0 0
0 0 1
1 -181810 0
28 0 0
0 0 1
1 -623463 0
29 0 0
0 0 1
1 -836420 0
30 0 0
0 0 1
1 -802440 0
-1 0 0
