91
1 0 0
0 0 1
1 3.25173e+06 0
2 0 0
0 0 1
1 2.42703e+06 0
3 0 0
0 0 1
1 1.58706e+06 0
4 0 0
0 0 1
1 999369 0
5 0 0
0 0 1
1 669841 0
6 0 0
0 0 1
1 459809 0
7 0 0
0 0 1
1 291548 0
8 0 0
0 0 1
1 178514 0
9 0 0
0 0 1
1 123795 0
10 0 0
0 0 1
1 88453 0
11 0 0
0 0 1
1 51841 0
12 0 0
0 0 1
1 31356 0
13 0 0
0 0 1
1 34292 0
14 0 0
0 0 1
1 39583 0
15 0 0
0 0 1
1 34606 0
16 0 0
0 0 1
1 29173 0
17 0 0
0 0 1
1 25162 0
18 0 0
0 0 1
1 7732 0
19 0 0
0 0 1
1 -24236 0
20 0 0
0 0 1
1 -49852 0
21 0 0
0 0 1
1 -58227 0
22 0 0
0 0 1
1 -62507 0
23 0 0
0 0 1
1 -72956 0
24 0 0
0 0 1
1 -80658 0
25 0 0
0 0 1
1 -78265 0
26 0 0
0 0 1
1 -74864 0
27 0 0
0 0 1
1 -78584 0
28 0 0
0 0 1
1 -82793 0
29 0 0
0 0 1
1 -80894 0
30 0 0
0 0 1
1 -79029 0
-1 0 0
