91
1 0 0
0 0 1
1 4.59911e+08 0
2 0 0
0 0 1
1 3.64677e+08 0
3 0 0
0 0 1
1 2.61177e+08 0
4 0 0
0 0 1
1 1.80652e+08 0
5 0 0
0 0 1
1 1.25259e+08 0
6 0 0
0 0 1
1 8.72289e+07 0
7 0 0
0 0 1
1 6.11306e+07 0
8 0 0
0 0 1
1 4.3182e+07 0
9 0 0
0 0 1
1 3.10097e+07 0
10 0 0
0 0 1
1 2.30492e+07 0
11 0 0
0 0 1
1 1.81029e+07 0
12 0 0
0 0 1
1 1.52562e+07 0
13 0 0
0 0 1
1 1.4224e+07 0
14 0 0
0 0 1
1 1.46021e+07 0
15 0 0
0 0 1
1 1.59175e+07 0
16 0 0
0 0 1
1 1.6626e+07 0
17 0 0
0 0 1
1 1.49984e+07 0
18 0 0
0 0 1
1 1.18858e+07 0
19 0 0
0 0 1
1 9.00659e+06 0
20 0 0
0 0 1
1 6.75535e+06 0
21 0 0
0 0 1
1 5.17383e+06 0
22 0 0
0 0 1
1 4.02775e+06 0
23 0 0
0 0 1
1 3.23145e+06 0
24 0 0
0 0 1
1 2.60694e+06 0
25 0 0
0 0 1
1 2.1467e+06 0
26 0 0
0 0 1
1 1.78448e+06 0
27 0 0
0 0 1
1 1.52803e+06 0
28 0 0
0 0 1
1 1.31494e+06 0
29 0 0
0 0 1
1 1.17862e+06 0
30 0 0
0 0 1
1 1.07249e+06 0
-1 0 0
