91
1 0 0
0 0 1
1 2.71509e+06 0
2 0 0
0 0 1
1 2.1567e+06 0
3 0 0
0 0 1
1 1.66644e+06 0
4 0 0
0 0 1
1 1.35848e+06 0
5 0 0
0 0 1
1 1.15458e+06 0
6 0 0
0 0 1
1 972778 0
7 0 0
0 0 1
1 809051 0
8 0 0
0 0 1
1 674983 0
9 0 0
0 0 1
1 557308 0
10 0 0
0 0 1
1 451254 0
11 0 0
0 0 1
1 371368 0
12 0 0
0 0 1
1 314700 0
13 0 0
0 0 1
1 257037 0
14 0 0
0 0 1
1 194779 0
15 0 0
0 0 1
1 151061 0
16 0 0
0 0 1
1 131071 0
17 0 0
0 0 1
1 108160 0
18 0 0
0 0 1
1 66049 0
19 0 0
0 0 1
1 21867 0
20 0 0
0 0 1
1 -6523 0
21 0 0
0 0 1
1 -26773 0
22 0 0
0 0 1
1 -50490 0
23 0 0
0 0 1
1 -71319 0
24 0 0
0 0 1
1 -81575 0
25 0 0
0 0 1
1 -89613 0
26 0 0
0 0 1
1 -103904 0
27 0 0
0 0 1
1 -117020 0
28 0 0
0 0 1
1 -120820 0
29 0 0
0 0 1
1 -122379 0
30 0 0
0 0 1
1 -130456 0
-1 0 0
