91
1 0 0
0 0 1
1 3.50812e+08 0
2 0 0
0 0 1
1 2.90536e+08 0
3 0 0
0 0 1
1 2.16783e+08 0
4 0 0
0 0 1
1 1.50327e+08 0
5 0 0
0 0 1
1 1.04153e+08 0
6 0 0
0 0 1
1 7.32595e+07 0
7 0 0
0 0 1
1 5.17423e+07 0
8 0 0
0 0 1
1 3.67596e+07 0
9 0 0
0 0 1
1 2.73605e+07 0
10 0 0
0 0 1
1 2.1764e+07 0
11 0 0
0 0 1
1 1.88169e+07 0
12 0 0
0 0 1
1 1.74854e+07 0
13 0 0
0 0 1
1 1.77305e+07 0
14 0 0
0 0 1
1 1.82137e+07 0
15 0 0
0 0 1
1 1.7195e+07 0
16 0 0
0 0 1
1 1.52564e+07 0
17 0 0
0 0 1
1 1.32252e+07 0
18 0 0
0 0 1
1 1.07925e+07 0
19 0 0
0 0 1
1 8.56658e+06 0
20 0 0
0 0 1
1 6.76964e+06 0
21 0 0
0 0 1
1 5.60416e+06 0
22 0 0
0 0 1
1 4.67565e+06 0
23 0 0
0 0 1
1 4.03692e+06 0
24 0 0
0 0 1
1 3.49113e+06 0
25 0 0
0 0 1
1 3.122e+06 0
26 0 0
0 0 1
1 2.75891e+06 0
27 0 0
0 0 1
1 2.49814e+06 0
28 0 0
0 0 1
1 2.1898e+06 0
29 0 0
0 0 1
1 1.96837e+06 0
30 0 0
0 0 1
1 1.74404e+06 0
-1 0 0
