91
1 0 0
0 0 1
1 1.57931e+07 0
2 0 0
0 0 1
1 1.25519e+07 0
3 0 0
0 0 1
1 9.37478e+06 0
4 0 0
0 0 1
1 6.82615e+06 0
5 0 0
0 0 1
1 5.02625e+06 0
6 0 0
0 0 1
1 3.81847e+06 0
7 0 0
0 0 1
1 2.98798e+06 0
8 0 0
0 0 1
1 2.3787e+06 0
9 0 0
0 0 1
1 1.90897e+06 0
10 0 0
0 0 1
1 1.54498e+06 0
11 0 0
0 0 1
1 1.27086e+06 0
12 0 0
0 0 1
1 1.07294e+06 0
13 0 0
0 0 1
1 938908 0
14 0 0
0 0 1
1 857081 0
15 0 0
0 0 1
1 810168 0
16 0 0
0 0 1
1 779099 0
17 0 0
0 0 1
1 760420 0
18 0 0
0 0 1
1 769773 0
19 0 0
0 0 1
1 817956 0
20 0 0
0 0 1
1 892719 0
21 0 0
0 0 1
1 975977 0
22 0 0
0 0 1
1 1.06847e+06 0
23 0 0
0 0 1
1 1.17989e+06 0
24 0 0
0 0 1
1 1.30274e+06 0
25 0 0
0 0 1
1 1.42109e+06 0
26 0 0
0 0 1
1 1.54843e+06 0
27 0 0
0 0 1
1 1.73372e+06 0
28 0 0
0 0 1
1 2.01996e+06 0
29 0 0
0 0 1
1 2.41859e+06 0
30 0 0
0 0 1
1 2.94428e+06 0
-1 0 0
