91
1 0 0
0 0 1
1 5.58839e+06 0
2 0 0
0 0 1
1 4.28299e+06 0
3 0 0
0 0 1
1 2.34441e+06 0
4 0 0
0 0 1
1 367392 0
5 0 0
0 0 1
1 -1.07848e+06 0
6 0 0
0 0 1
1 -1.90421e+06 0
7 0 0
0 0 1
1 -2.37347e+06 0
8 0 0
0 0 1
1 -2.66021e+06 0
9 0 0
0 0 1
1 -2.75397e+06 0
10 0 0
0 0 1
1 -2.70087e+06 0
11 0 0
0 0 1
1 -2.65277e+06 0
12 0 0
0 0 1
1 -2.6572e+06 0
13 0 0
0 0 1
1 -2.6154e+06 0
14 0 0
0 0 1
1 -2.49383e+06 0
15 0 0
0 0 1
1 -2.402e+06 0
16 0 0
0 0 1
1 -2.41048e+06 0
17 0 0
0 0 1
1 -2.44706e+06 0
18 0 0
0 0 1
1 -2.43708e+06 0
19 0 0
0 0 1
1 -2.41534e+06 0
20 0 0
0 0 1
1 -2.4259e+06 0
21 0 0
0 0 1
1 -2.4202e+06 0
22 0 0
0 0 1
1 -2.33791e+06 0
23 0 0
0 0 1
1 -2.21178e+06 0
24 0 0
0 0 1
1 -2.11345e+06 0
25 0 0
0 0 1
1 -2.04937e+06 0
26 0 0
0 0 1
1 -1.98276e+06 0
27 0 0
0 0 1
1 -1.92286e+06 0
28 0 0
0 0 1
1 -1.9205e+06 0
29 0 0
0 0 1
1 -1.98161e+06 0
30 0 0
0 0 1
1 -2.03946e+06 0
-1 0 0
