91
1 0 0
0 0 1
1 3.09233e+08 0
2 0 0
0 0 1
1 2.49713e+08 0
3 0 0
0 0 1
1 2.01678e+08 0
4 0 0
0 0 1
1 1.6106e+08 0
5 0 0
0 0 1
1 1.20741e+08 0
6 0 0
0 0 1
1 8.54919e+07 0
7 0 0
0 0 1
1 6.20549e+07 0
8 0 0
0 0 1
1 4.77403e+07 0
9 0 0
0 0 1
1 3.67067e+07 0
10 0 0
0 0 1
1 2.88784e+07 0
11 0 0
0 0 1
1 2.57329e+07 0
12 0 0
0 0 1
1 2.3998e+07 0
13 0 0
0 0 1
1 2.01312e+07 0
14 0 0
0 0 1
1 1.61208e+07 0
15 0 0
0 0 1
1 1.5136e+07 0
16 0 0
0 0 1
1 1.54712e+07 0
17 0 0
0 0 1
1 1.38596e+07 0
18 0 0
0 0 1
1 1.11359e+07 0
19 0 0
0 0 1
1 9.7246e+06 0
20 0 0
0 0 1
1 8.66994e+06 0
21 0 0
0 0 1
1 5.94696e+06 0
22 0 0
0 0 1
1 3.08422e+06 0
23 0 0
0 0 1
1 2.80855e+06 0
24 0 0
0 0 1
1 4.10431e+06 0
25 0 0
0 0 1
1 3.99339e+06 0
26 0 0
0 0 1
1 2.60329e+06 0
27 0 0
0 0 1
1 2.28356e+06 0
28 0 0
0 0 1
1 2.9564e+06 0
29 0 0
0 0 1
1 2.4514e+06 0
30 0 0
0 0 1
1 749950 0
-1 0 0
