91
1 0 0
0 0 1
1 2.31102e+06 0
2 0 0
0 0 1
1 1.80495e+06 0
3 0 0
0 0 1
1 1.32637e+06 0
4 0 0
0 0 1
1 939577 0
5 0 0
0 0 1
1 626778 0
6 0 0
0 0 1
1 375724 0
7 0 0
0 0 1
1 230744 0
8 0 0
0 0 1
1 229920 0
9 0 0
0 0 1
1 313083 0
10 0 0
0 0 1
1 367900 0
11 0 0
0 0 1
1 370281 0
12 0 0
0 0 1
1 388121 0
13 0 0
0 0 1
1 433729 0
14 0 0
0 0 1
1 430141 0
15 0 0
0 0 1
1 362421 0
16 0 0
0 0 1
1 327763 0
17 0 0
0 0 1
1 361485 0
18 0 0
0 0 1
1 350501 0
19 0 0
0 0 1
1 228363 0
20 0 0
0 0 1
1 123767 0
21 0 0
0 0 1
1 167568 0
22 0 0
0 0 1
1 263818 0
23 0 0
0 0 1
1 233316 0
24 0 0
0 0 1
1 106837 0
25 0 0
0 0 1
1 73531 0
26 0 0
0 0 1
1 174494 0
27 0 0
0 0 1
1 256748 0
28 0 0
0 0 1
1 237756 0
29 0 0
0 0 1
1 213441 0
30 0 0
0 0 1
1 257481 0
-1 0 0
