91
1 0 0
0 0 1
1 1.59873e+06 0
2 0 0
0 0 1
1 1.3132e+06 0
3 0 0
0 0 1
1 993415 0
4 0 0
0 0 1
1 681738 0
5 0 0
0 0 1
1 450361 0
6 0 0
0 0 1
1 324504 0
7 0 0
0 0 1
1 252715 0
8 0 0
0 0 1
1 177507 0
9 0 0
0 0 1
1 103386 0
10 0 0
0 0 1
1 66032 0
11 0 0
0 0 1
1 63018 0
12 0 0
0 0 1
1 55824 0
13 0 0
0 0 1
1 25793 0
14 0 0
0 0 1
1 -11808 0
15 0 0
0 0 1
1 -43135 0
16 0 0
0 0 1
1 -68747 0
17 0 0
0 0 1
1 -83872 0
18 0 0
0 0 1
1 -80373 0
19 0 0
0 0 1
1 -70275 0
20 0 0
0 0 1
1 -76450 0
21 0 0
0 0 1
1 -96447 0
22 0 0
0 0 1
1 -103121 0
23 0 0
0 0 1
1 -84619 0
24 0 0
0 0 1
1 -58314 0
25 0 0
0 0 1
1 -42964 0
26 0 0
0 0 1
1 -42069 0
27 0 0
0 0 1
1 -55484 0
28 0 0
0 0 1
1 -80201 0
29 0 0
0 0 1
1 -97468 0
30 0 0
0 0 1
1 -87920 0
-1 0 0
