91
1 0 0
0 0 1
1 5.15574e+06 0
2 0 0
0 0 1
1 4.0672e+06 0
3 0 0
0 0 1
1 2.90575e+06 0
4 0 0
0 0 1
1 1.95356e+06 0
5 0 0
0 0 1
1 1.26135e+06 0
6 0 0
0 0 1
1 698758 0
7 0 0
0 0 1
1 183271 0
8 0 0
0 0 1
1 -257399 0
9 0 0
0 0 1
1 -591494 0
10 0 0
0 0 1
1 -827321 0
11 0 0
0 0 1
1 -982600 0
12 0 0
0 0 1
1 -1.096e+06 0
13 0 0
0 0 1
1 -1.23006e+06 0
14 0 0
0 0 1
1 -1.40451e+06 0
15 0 0
0 0 1
1 -1.58356e+06 0
16 0 0
0 0 1
1 -1.75862e+06 0
17 0 0
0 0 1
1 -1.94347e+06 0
18 0 0
0 0 1
1 -2.06268e+06 0
19 0 0
0 0 1
1 -1.99575e+06 0
20 0 0
0 0 1
1 -1.7796e+06 0
21 0 0
0 0 1
1 -1.5746e+06 0
22 0 0
0 0 1
1 -1.33841e+06 0
23 0 0
0 0 1
1 -756362 0
24 0 0
0 0 1
1 336566 0
25 0 0
0 0 1
1 1.65046e+06 0
26 0 0
0 0 1
1 2.73562e+06 0
27 0 0
0 0 1
1 3.39924e+06 0
28 0 0
0 0 1
1 3.63566e+06 0
29 0 0
0 0 1
1 3.37151e+06 0
30 0 0
0 0 1
1 2.59619e+06 0
-1 0 0
