91
1 0 0
0 0 1
1 4.6117e+08 0
2 0 0
0 0 1
1 3.57152e+08 0
3 0 0
0 0 1
1 2.53809e+08 0
4 0 0
0 0 1
1 1.78014e+08 0
5 0 0
0 0 1
1 1.25184e+08 0
6 0 0
0 0 1
1 8.7881e+07 0
7 0 0
0 0 1
1 6.19234e+07 0
8 0 0
0 0 1
1 4.34284e+07 0
9 0 0
0 0 1
1 3.13625e+07 0
10 0 0
0 0 1
1 2.33548e+07 0
11 0 0
0 0 1
1 1.83911e+07 0
12 0 0
0 0 1
1 1.52254e+07 0
13 0 0
0 0 1
1 1.4033e+07 0
14 0 0
0 0 1
1 1.40915e+07 0
15 0 0
0 0 1
1 1.53538e+07 0
16 0 0
0 0 1
1 1.62264e+07 0
17 0 0
0 0 1
1 1.47286e+07 0
18 0 0
0 0 1
1 1.13534e+07 0
19 0 0
0 0 1
1 8.61428e+06 0
20 0 0
0 0 1
1 6.4569e+06 0
21 0 0
0 0 1
1 5.02748e+06 0
22 0 0
0 0 1
1 3.87639e+06 0
23 0 0
0 0 1
1 3.17692e+06 0
24 0 0
0 0 1
1 2.57304e+06 0
25 0 0
0 0 1
1 2.1808e+06 0
26 0 0
0 0 1
1 1.78979e+06 0
27 0 0
0 0 1
1 1.58651e+06 0
28 0 0
0 0 1
1 1.33701e+06 0
29 0 0
0 0 1
1 1.22118e+06 0
30 0 0
0 0 1
1 960324 0
-1 0 0
