91
1 0 0
0 0 1
1 1.34342e+08 0
2 0 0
0 0 1
1 1.089e+08 0
3 0 0
0 0 1
1 8.07594e+07 0
4 0 0
0 0 1
1 5.6943e+07 0
5 0 0
0 0 1
1 3.96628e+07 0
6 0 0
0 0 1
1 2.82417e+07 0
7 0 0
0 0 1
1 2.09308e+07 0
8 0 0
0 0 1
1 1.59527e+07 0
9 0 0
0 0 1
1 1.22765e+07 0
10 0 0
0 0 1
1 9.70105e+06 0
11 0 0
0 0 1
1 8.12863e+06 0
12 0 0
0 0 1
1 7.14106e+06 0
13 0 0
0 0 1
1 6.43592e+06 0
14 0 0
0 0 1
1 6.13384e+06 0
15 0 0
0 0 1
1 6.2841e+06 0
16 0 0
0 0 1
1 6.44894e+06 0
17 0 0
0 0 1
1 6.14069e+06 0
18 0 0
0 0 1
1 5.38002e+06 0
19 0 0
0 0 1
1 4.5007e+06 0
20 0 0
0 0 1
1 3.66149e+06 0
21 0 0
0 0 1
1 2.86333e+06 0
22 0 0
0 0 1
1 2.2139e+06 0
23 0 0
0 0 1
1 1.82944e+06 0
24 0 0
0 0 1
1 1.60714e+06 0
25 0 0
0 0 1
1 1.37272e+06 0
26 0 0
0 0 1
1 1.14551e+06 0
27 0 0
0 0 1
1 1.0315e+06 0
28 0 0
0 0 1
1 979246 0
29 0 0
0 0 1
1 870166 0
30 0 0
0 0 1
1 742179 0
-1 0 0
