91
1 0 0
0 0 1
1 2.22624e+08 0
2 0 0
0 0 1
1 1.76024e+08 0
3 0 0
0 0 1
1 1.31274e+08 0
4 0 0
0 0 1
1 9.45615e+07 0
5 0 0
0 0 1
1 6.67311e+07 0
6 0 0
0 0 1
1 4.69744e+07 0
7 0 0
0 0 1
1 3.38664e+07 0
8 0 0
0 0 1
1 2.52618e+07 0
9 0 0
0 0 1
1 1.93527e+07 0
10 0 0
0 0 1
1 1.55177e+07 0
11 0 0
0 0 1
1 1.34902e+07 0
12 0 0
0 0 1
1 1.24569e+07 0
13 0 0
0 0 1
1 1.16488e+07 0
14 0 0
0 0 1
1 1.10746e+07 0
15 0 0
0 0 1
1 1.08972e+07 0
16 0 0
0 0 1
1 1.06274e+07 0
17 0 0
0 0 1
1 9.6431e+06 0
18 0 0
0 0 1
1 8.07961e+06 0
19 0 0
0 0 1
1 6.53903e+06 0
20 0 0
0 0 1
1 5.24227e+06 0
21 0 0
0 0 1
1 4.05635e+06 0
22 0 0
0 0 1
1 3.05731e+06 0
23 0 0
0 0 1
1 2.44992e+06 0
24 0 0
0 0 1
1 2.10699e+06 0
25 0 0
0 0 1
1 1.72886e+06 0
26 0 0
0 0 1
1 1.34462e+06 0
27 0 0
0 0 1
1 1.19688e+06 0
28 0 0
0 0 1
1 1.24108e+06 0
29 0 0
0 0 1
1 1.19209e+06 0
30 0 0
0 0 1
1 986944 0
-1 0 0
