91
1 0 0
0 0 1
1 2.69655e+08 0
2 0 0
0 0 1
1 2.25766e+08 0
3 0 0
0 0 1
1 1.79951e+08 0
4 0 0
0 0 1
1 1.4704e+08 0
5 0 0
0 0 1
1 1.21305e+08 0
6 0 0
0 0 1
1 9.31114e+07 0
7 0 0
0 0 1
1 6.43383e+07 0
8 0 0
0 0 1
1 4.3108e+07 0
9 0 0
0 0 1
1 3.09761e+07 0
10 0 0
0 0 1
1 2.28098e+07 0
11 0 0
0 0 1
1 1.58533e+07 0
12 0 0
0 0 1
1 1.18562e+07 0
13 0 0
0 0 1
1 1.1245e+07 0
14 0 0
0 0 1
1 1.12266e+07 0
15 0 0
0 0 1
1 1.02252e+07 0
16 0 0
0 0 1
1 9.58351e+06 0
17 0 0
0 0 1
1 9.84034e+06 0
18 0 0
0 0 1
1 9.09327e+06 0
19 0 0
0 0 1
1 6.4281e+06 0
20 0 0
0 0 1
1 3.90292e+06 0
21 0 0
0 0 1
1 3.45863e+06 0
22 0 0
0 0 1
1 4.13567e+06 0
23 0 0
0 0 1
1 3.95765e+06 0
24 0 0
0 0 1
1 2.79951e+06 0
25 0 0
0 0 1
1 1.83497e+06 0
26 0 0
0 0 1
1 1.4852e+06 0
27 0 0
0 0 1
1 1.39136e+06 0
28 0 0
0 0 1
1 1.50566e+06 0
29 0 0
0 0 1
1 1.95199e+06 0
30 0 0
0 0 1
1 2.40525e+06 0
-1 0 0
