91
1 0 0
0 0 1
1 4.5189e+06 0
2 0 0
0 0 1
1 3.64703e+06 0
3 0 0
0 0 1
1 2.87777e+06 0
4 0 0
0 0 1
1 2.18091e+06 0
5 0 0
0 0 1
1 1.69786e+06 0
6 0 0
0 0 1
1 1.55696e+06 0
7 0 0
0 0 1
1 1.53777e+06 0
8 0 0
0 0 1
1 1.35417e+06 0
9 0 0
0 0 1
1 1.11574e+06 0
10 0 0
0 0 1
1 1.08933e+06 0
11 0 0
0 0 1
1 1.16843e+06 0
12 0 0
0 0 1
1 1.04981e+06 0
13 0 0
0 0 1
1 810197 0
14 0 0
0 0 1
1 794207 0
15 0 0
0 0 1
1 990811 0
16 0 0
0 0 1
1 1.04817e+06 0
17 0 0
0 0 1
1 909195 0
18 0 0
0 0 1
1 899876 0
19 0 0
0 0 1
1 1.11371e+06 0
20 0 0
0 0 1
1 1.22795e+06 0
21 0 0
0 0 1
1 1.0823e+06 0
22 0 0
0 0 1
1 968606 0
23 0 0
0 0 1
1 1.13846e+06 0
24 0 0
0 0 1
1 1.42872e+06 0
25 0 0
0 0 1
1 1.6111e+06 0
26 0 0
0 0 1
1 1.77168e+06 0
27 0 0
0 0 1
1 2.0911e+06 0
28 0 0
0 0 1
1 2.50731e+06 0
29 0 0
0 0 1
1 2.81769e+06 0
30 0 0
0 0 1
1 2.91556e+06 0
-1 0 0
