91
1 0 0
0 0 1
1 3.30895e+06 0
2 0 0
0 0 1
1 2.34507e+06 0
3 0 0
0 0 1
1 1.55456e+06 0
4 0 0
0 0 1
1 1.07991e+06 0
5 0 0
0 0 1
1 773716 0
6 0 0
0 0 1
1 521295 0
7 0 0
0 0 1
1 354534 0
8 0 0
0 0 1
1 295895 0
9 0 0
0 0 1
1 269077 0
10 0 0
0 0 1
1 212866 0
11 0 0
0 0 1
1 166432 0
12 0 0
0 0 1
1 177279 0
13 0 0
0 0 1
1 207456 0
14 0 0
0 0 1
1 198538 0
15 0 0
0 0 1
1 166463 0
16 0 0
0 0 1
1 160967 0
17 0 0
0 0 1
1 175933 0
18 0 0
0 0 1
1 169628 0
19 0 0
0 0 1
1 142183 0
20 0 0
0 0 1
1 125542 0
21 0 0
0 0 1
1 117644 0
22 0 0
0 0 1
1 91292 0
23 0 0
0 0 1
1 56378 0
24 0 0
0 0 1
1 52003 0
25 0 0
0 0 1
1 79807 0
26 0 0
0 0 1
1 98384 0
27 0 0
0 0 1
1 83843 0
28 0 0
0 0 1
1 49884 0
29 0 0
0 0 1
1 11734 0
30 0 0
0 0 1
1 -22642 0
-1 0 0
