91
1 0 0
0 0 1
1 3.23577e+06 0
2 0 0
0 0 1
1 2.65254e+06 0
3 0 0
0 0 1
1 2.06327e+06 0
4 0 0
0 0 1
1 1.54662e+06 0
5 0 0
0 0 1
1 1.15165e+06 0
6 0 0
0 0 1
1 881960 0
7 0 0
0 0 1
1 688824 0
8 0 0
0 0 1
1 528090 0
9 0 0
0 0 1
1 400935 0
10 0 0
0 0 1
1 318107 0
11 0 0
0 0 1
1 260763 0
12 0 0
0 0 1
1 206657 0
13 0 0
0 0 1
1 164715 0
14 0 0
0 0 1
1 150834 0
15 0 0
0 0 1
1 150974 0
16 0 0
0 0 1
1 138743 0
17 0 0
0 0 1
1 112823 0
18 0 0
0 0 1
1 88903 0
19 0 0
0 0 1
1 68345 0
20 0 0
0 0 1
1 42016 0
21 0 0
0 0 1
1 14617 0
22 0 0
0 0 1
1 -1027 0
23 0 0
0 0 1
1 -7554 0
24 0 0
0 0 1
1 -18106 0
25 0 0
0 0 1
1 -32840 0
26 0 0
0 0 1
1 -40881 0
27 0 0
0 0 1
1 -41555 0
28 0 0
0 0 1
1 -44458 0
29 0 0
0 0 1
1 -51258 0
30 0 0
0 0 1
1 -55092 0
-1 0 0
