DU=C:/Bruker/XWIN-NMR, USER=cui, NAME=deoxyguanosine, EXPNO=1, PROCNO=1
F1=8.305ppm, F2=2.105ppm, MI=0.50cm, MAXI=36.00cm, PC=4.000
     #     ADDRESS            FREQUENCY         INTENSITY
                           [Hz]        [PPM]
     1      7747.0     3189.671       7.9716        25.70
     2     12295.1     2522.373       6.3039         6.61
     3     12341.8     2515.531       6.2868        12.50
     4     12387.8     2508.781       6.2699         7.20
     5     16909.6     1845.350       4.6119        10.84
     6     18265.7     1646.375       4.1146        11.42
     7     19069.2     1528.495       3.8200         4.40
     8     19131.2     1519.390       3.7972        11.72
     9     19154.2     1516.020       3.7888        11.40
    10     19210.7     1507.722       3.7681        11.48
    11     19242.0     1503.142       3.7566        10.80
    12     21866.4     1118.091       2.7943         4.91
    13     21914.0     1111.103       2.7769         6.57
    14     21962.2     1104.026       2.7592         6.94
    15     22628.5     1006.275       2.5149         5.47
