91
1 0 0
0 0 1
1 1.07433e+08 0
2 0 0
0 0 1
1 8.59462e+07 0
3 0 0
0 0 1
1 5.76495e+07 0
4 0 0
0 0 1
1 3.66326e+07 0
5 0 0
0 0 1
1 2.54951e+07 0
6 0 0
0 0 1
1 1.89888e+07 0
7 0 0
0 0 1
1 1.36286e+07 0
8 0 0
0 0 1
1 9.88845e+06 0
9 0 0
0 0 1
1 8.02328e+06 0
10 0 0
0 0 1
1 6.60108e+06 0
11 0 0
0 0 1
1 4.9707e+06 0
12 0 0
0 0 1
1 3.97296e+06 0
13 0 0
0 0 1
1 3.88434e+06 0
14 0 0
0 0 1
1 3.85548e+06 0
15 0 0
0 0 1
1 3.59165e+06 0
16 0 0
0 0 1
1 3.71044e+06 0
17 0 0
0 0 1
1 4.17315e+06 0
18 0 0
0 0 1
1 4.0104e+06 0
19 0 0
0 0 1
1 2.9607e+06 0
20 0 0
0 0 1
1 1.97098e+06 0
21 0 0
0 0 1
1 1.67572e+06 0
22 0 0
0 0 1
1 1.59608e+06 0
23 0 0
0 0 1
1 1.24052e+06 0
24 0 0
0 0 1
1 890305 0
25 0 0
0 0 1
1 837730 0
26 0 0
0 0 1
1 799513 0
27 0 0
0 0 1
1 563566 0
28 0 0
0 0 1
1 426584 0
29 0 0
0 0 1
1 558358 0
30 0 0
0 0 1
1 624569 0
-1 0 0
