91
1 0 0
0 0 1
1 4.19922e+08 0
2 0 0
0 0 1
1 3.36801e+08 0
3 0 0
0 0 1
1 2.28674e+08 0
4 0 0
0 0 1
1 1.45213e+08 0
5 0 0
0 0 1
1 9.92866e+07 0
6 0 0
0 0 1
1 7.45988e+07 0
7 0 0
0 0 1
1 5.63239e+07 0
8 0 0
0 0 1
1 4.28275e+07 0
9 0 0
0 0 1
1 3.51798e+07 0
10 0 0
0 0 1
1 3.00567e+07 0
11 0 0
0 0 1
1 2.47971e+07 0
12 0 0
0 0 1
1 2.08397e+07 0
13 0 0
0 0 1
1 1.94151e+07 0
14 0 0
0 0 1
1 1.8955e+07 0
15 0 0
0 0 1
1 1.83659e+07 0
16 0 0
0 0 1
1 1.85504e+07 0
17 0 0
0 0 1
1 1.92586e+07 0
18 0 0
0 0 1
1 1.81759e+07 0
19 0 0
0 0 1
1 1.46108e+07 0
20 0 0
0 0 1
1 1.0939e+07 0
21 0 0
0 0 1
1 9.00436e+06 0
22 0 0
0 0 1
1 7.83147e+06 0
23 0 0
0 0 1
1 6.18537e+06 0
24 0 0
0 0 1
1 4.7865e+06 0
25 0 0
0 0 1
1 4.49518e+06 0
26 0 0
0 0 1
1 4.51049e+06 0
27 0 0
0 0 1
1 3.93031e+06 0
28 0 0
0 0 1
1 3.33225e+06 0
29 0 0
0 0 1
1 3.39549e+06 0
30 0 0
0 0 1
1 3.48377e+06 0
-1 0 0
