91
1 0 0
0 0 1
1 1.2199e+08 0
2 0 0
0 0 1
1 8.92932e+07 0
3 0 0
0 0 1
1 5.8369e+07 0
4 0 0
0 0 1
1 3.64631e+07 0
5 0 0
0 0 1
1 2.17306e+07 0
6 0 0
0 0 1
1 1.08042e+07 0
7 0 0
0 0 1
1 3.21415e+06 0
8 0 0
0 0 1
1 -704249 0
9 0 0
0 0 1
1 -2.13571e+06 0
10 0 0
0 0 1
1 -2.68764e+06 0
11 0 0
0 0 1
1 -2.84677e+06 0
12 0 0
0 0 1
1 -2.47207e+06 0
13 0 0
0 0 1
1 -1.73773e+06 0
14 0 0
0 0 1
1 -1.0157e+06 0
15 0 0
0 0 1
1 -567907 0
16 0 0
0 0 1
1 -650767 0
17 0 0
0 0 1
1 -1.35397e+06 0
18 0 0
0 0 1
1 -2.28992e+06 0
19 0 0
0 0 1
1 -2.98806e+06 0
20 0 0
0 0 1
1 -3.4815e+06 0
21 0 0
0 0 1
1 -3.96153e+06 0
22 0 0
0 0 1
1 -4.17315e+06 0
23 0 0
0 0 1
1 -3.88594e+06 0
24 0 0
0 0 1
1 -3.61687e+06 0
25 0 0
0 0 1
1 -3.96174e+06 0
26 0 0
0 0 1
1 -4.45332e+06 0
27 0 0
0 0 1
1 -4.12836e+06 0
28 0 0
0 0 1
1 -3.13049e+06 0
29 0 0
0 0 1
1 -2.61676e+06 0
30 0 0
0 0 1
1 -2.96082e+06 0
-1 0 0
