91
1 0 0
0 0 1
1 3.15137e+08 0
2 0 0
0 0 1
1 2.87348e+08 0
3 0 0
0 0 1
1 2.35279e+08 0
4 0 0
0 0 1
1 1.68847e+08 0
5 0 0
0 0 1
1 1.14921e+08 0
6 0 0
0 0 1
1 8.44657e+07 0
7 0 0
0 0 1
1 6.66924e+07 0
8 0 0
0 0 1
1 5.1439e+07 0
9 0 0
0 0 1
1 4.0491e+07 0
10 0 0
0 0 1
1 3.6092e+07 0
11 0 0
0 0 1
1 3.31583e+07 0
12 0 0
0 0 1
1 2.77856e+07 0
13 0 0
0 0 1
1 2.32337e+07 0
14 0 0
0 0 1
1 2.24332e+07 0
15 0 0
0 0 1
1 2.21893e+07 0
16 0 0
0 0 1
1 1.93416e+07 0
17 0 0
0 0 1
1 1.62822e+07 0
18 0 0
0 0 1
1 1.583e+07 0
19 0 0
0 0 1
1 1.58001e+07 0
20 0 0
0 0 1
1 1.30824e+07 0
21 0 0
0 0 1
1 9.05019e+06 0
22 0 0
0 0 1
1 6.82058e+06 0
23 0 0
0 0 1
1 6.32138e+06 0
24 0 0
0 0 1
1 5.70108e+06 0
25 0 0
0 0 1
1 4.99593e+06 0
26 0 0
0 0 1
1 5.10108e+06 0
27 0 0
0 0 1
1 5.23316e+06 0
28 0 0
0 0 1
1 4.31338e+06 0
29 0 0
0 0 1
1 3.14407e+06 0
30 0 0
0 0 1
1 2.84399e+06 0
-1 0 0
