91
1 0 0
0 0 1
1 8.77248e+07 0
2 0 0
0 0 1
1 6.08686e+07 0
3 0 0
0 0 1
1 4.04444e+07 0
4 0 0
0 0 1
1 2.85554e+07 0
5 0 0
0 0 1
1 2.06999e+07 0
6 0 0
0 0 1
1 1.43623e+07 0
7 0 0
0 0 1
1 1.01353e+07 0
8 0 0
0 0 1
1 7.89675e+06 0
9 0 0
0 0 1
1 6.14955e+06 0
10 0 0
0 0 1
1 4.40224e+06 0
11 0 0
0 0 1
1 3.40823e+06 0
12 0 0
0 0 1
1 3.2771e+06 0
13 0 0
0 0 1
1 3.2863e+06 0
14 0 0
0 0 1
1 3.29346e+06 0
15 0 0
0 0 1
1 3.67495e+06 0
16 0 0
0 0 1
1 4.06603e+06 0
17 0 0
0 0 1
1 3.64317e+06 0
18 0 0
0 0 1
1 2.55713e+06 0
19 0 0
0 0 1
1 1.7858e+06 0
20 0 0
0 0 1
1 1.61558e+06 0
21 0 0
0 0 1
1 1.43699e+06 0
22 0 0
0 0 1
1 1.00663e+06 0
23 0 0
0 0 1
1 771803 0
24 0 0
0 0 1
1 868691 0
25 0 0
0 0 1
1 840600 0
26 0 0
0 0 1
1 523740 0
27 0 0
0 0 1
1 321129 0
28 0 0
0 0 1
1 407772 0
29 0 0
0 0 1
1 446175 0
30 0 0
0 0 1
1 273272 0
-1 0 0
