91
1 0 0
0 0 1
1 1.03029e+08 0
2 0 0
0 0 1
1 8.08468e+07 0
3 0 0
0 0 1
1 5.78251e+07 0
4 0 0
0 0 1
1 4.03744e+07 0
5 0 0
0 0 1
1 2.81977e+07 0
6 0 0
0 0 1
1 1.93539e+07 0
7 0 0
0 0 1
1 1.33839e+07 0
8 0 0
0 0 1
1 9.96249e+06 0
9 0 0
0 0 1
1 7.7556e+06 0
10 0 0
0 0 1
1 5.7994e+06 0
11 0 0
0 0 1
1 4.41715e+06 0
12 0 0
0 0 1
1 3.95813e+06 0
13 0 0
0 0 1
1 3.83727e+06 0
14 0 0
0 0 1
1 3.50744e+06 0
15 0 0
0 0 1
1 3.30997e+06 0
16 0 0
0 0 1
1 3.60171e+06 0
17 0 0
0 0 1
1 3.88371e+06 0
18 0 0
0 0 1
1 3.55403e+06 0
19 0 0
0 0 1
1 2.85421e+06 0
20 0 0
0 0 1
1 2.3268e+06 0
21 0 0
0 0 1
1 1.88205e+06 0
22 0 0
0 0 1
1 1.16315e+06 0
23 0 0
0 0 1
1 424006 0
24 0 0
0 0 1
1 247932 0
25 0 0
0 0 1
1 592850 0
26 0 0
0 0 1
1 818381 0
27 0 0
0 0 1
1 594024 0
28 0 0
0 0 1
1 196706 0
29 0 0
0 0 1
1 -65996 0
30 0 0
0 0 1
1 -191451 0
-1 0 0
