91
1 0 0
0 0 1
1 2.40925e+08 0
2 0 0
0 0 1
1 2.05346e+08 0
3 0 0
0 0 1
1 1.66821e+08 0
4 0 0
0 0 1
1 1.30079e+08 0
5 0 0
0 0 1
1 9.54249e+07 0
6 0 0
0 0 1
1 6.55476e+07 0
7 0 0
0 0 1
1 4.39628e+07 0
8 0 0
0 0 1
1 3.04268e+07 0
9 0 0
0 0 1
1 2.17871e+07 0
10 0 0
0 0 1
1 1.59443e+07 0
11 0 0
0 0 1
1 1.24622e+07 0
12 0 0
0 0 1
1 1.06515e+07 0
13 0 0
0 0 1
1 9.574e+06 0
14 0 0
0 0 1
1 9.26278e+06 0
15 0 0
0 0 1
1 1.00032e+07 0
16 0 0
0 0 1
1 1.09372e+07 0
17 0 0
0 0 1
1 1.08834e+07 0
18 0 0
0 0 1
1 9.89416e+06 0
19 0 0
0 0 1
1 8.66775e+06 0
20 0 0
0 0 1
1 7.21639e+06 0
21 0 0
0 0 1
1 5.4731e+06 0
22 0 0
0 0 1
1 4.3046e+06 0
23 0 0
0 0 1
1 4.34013e+06 0
24 0 0
0 0 1
1 4.55354e+06 0
25 0 0
0 0 1
1 3.65593e+06 0
26 0 0
0 0 1
1 2.25376e+06 0
27 0 0
0 0 1
1 1.90315e+06 0
28 0 0
0 0 1
1 2.54545e+06 0
29 0 0
0 0 1
1 2.72906e+06 0
30 0 0
0 0 1
1 2.08369e+06 0
-1 0 0
