91
1 0 0
0 0 1
1 1.38585e+08 0
2 0 0
0 0 1
1 1.12681e+08 0
3 0 0
0 0 1
1 8.0438e+07 0
4 0 0
0 0 1
1 5.35115e+07 0
5 0 0
0 0 1
1 3.60774e+07 0
6 0 0
0 0 1
1 2.54873e+07 0
7 0 0
0 0 1
1 1.8149e+07 0
8 0 0
0 0 1
1 1.28539e+07 0
9 0 0
0 0 1
1 9.51074e+06 0
10 0 0
0 0 1
1 7.44311e+06 0
11 0 0
0 0 1
1 5.88166e+06 0
12 0 0
0 0 1
1 4.82383e+06 0
13 0 0
0 0 1
1 4.50896e+06 0
14 0 0
0 0 1
1 4.67507e+06 0
15 0 0
0 0 1
1 4.87152e+06 0
16 0 0
0 0 1
1 4.97019e+06 0
17 0 0
0 0 1
1 4.92125e+06 0
18 0 0
0 0 1
1 4.47063e+06 0
19 0 0
0 0 1
1 3.54754e+06 0
20 0 0
0 0 1
1 2.56127e+06 0
21 0 0
0 0 1
1 1.92518e+06 0
22 0 0
0 0 1
1 1.57227e+06 0
23 0 0
0 0 1
1 1.2457e+06 0
24 0 0
0 0 1
1 959990 0
25 0 0
0 0 1
1 846042 0
26 0 0
0 0 1
1 807757 0
27 0 0
0 0 1
1 678593 0
28 0 0
0 0 1
1 527906 0
29 0 0
0 0 1
1 506482 0
30 0 0
0 0 1
1 547585 0
-1 0 0
