91
1 0 0
0 0 1
1 1.83484e+06 0
2 0 0
0 0 1
1 1.57125e+06 0
3 0 0
0 0 1
1 1.29353e+06 0
4 0 0
0 0 1
1 1.03965e+06 0
5 0 0
0 0 1
1 823441 0
6 0 0
0 0 1
1 647807 0
7 0 0
0 0 1
1 509784 0
8 0 0
0 0 1
1 401753 0
9 0 0
0 0 1
1 316710 0
10 0 0
0 0 1
1 252176 0
11 0 0
0 0 1
1 206757 0
12 0 0
0 0 1
1 175705 0
13 0 0
0 0 1
1 152816 0
14 0 0
0 0 1
1 134357 0
15 0 0
0 0 1
1 118420 0
16 0 0
0 0 1
1 102712 0
17 0 0
0 0 1
1 86123 0
18 0 0
0 0 1
1 70649 0
19 0 0
0 0 1
1 58676 0
20 0 0
0 0 1
1 49448 0
21 0 0
0 0 1
1 40676 0
22 0 0
0 0 1
1 32209 0
23 0 0
0 0 1
1 25394 0
24 0 0
0 0 1
1 20105 0
25 0 0
0 0 1
1 15302 0
26 0 0
0 0 1
1 11515 0
27 0 0
0 0 1
1 9812 0
28 0 0
0 0 1
1 8864 0
29 0 0
0 0 1
1 5937 0
30 0 0
0 0 1
1 672 0
-1 0 0
