91
1 0 0
0 0 1
1 2.31098e+06 0
2 0 0
0 0 1
1 1.81753e+06 0
3 0 0
0 0 1
1 1.33718e+06 0
4 0 0
0 0 1
1 955824 0
5 0 0
0 0 1
1 691580 0
6 0 0
0 0 1
1 494621 0
7 0 0
0 0 1
1 321703 0
8 0 0
0 0 1
1 199557 0
9 0 0
0 0 1
1 167387 0
10 0 0
0 0 1
1 180799 0
11 0 0
0 0 1
1 152054 0
12 0 0
0 0 1
1 79870 0
13 0 0
0 0 1
1 47601 0
14 0 0
0 0 1
1 80885 0
15 0 0
0 0 1
1 106028 0
16 0 0
0 0 1
1 79530 0
17 0 0
0 0 1
1 56164 0
18 0 0
0 0 1
1 76479 0
19 0 0
0 0 1
1 84454 0
20 0 0
0 0 1
1 29675 0
21 0 0
0 0 1
1 -32176 0
22 0 0
0 0 1
1 -26335 0
23 0 0
0 0 1
1 19049 0
24 0 0
0 0 1
1 26241 0
25 0 0
0 0 1
1 -7661 0
26 0 0
0 0 1
1 -26847 0
27 0 0
0 0 1
1 -17790 0
28 0 0
0 0 1
1 -10166 0
29 0 0
0 0 1
1 -7560 0
30 0 0
0 0 1
1 4801 0
-1 0 0
