91
1 0 0
0 0 1
1 3.53148e+08 0
2 0 0
0 0 1
1 2.82387e+08 0
3 0 0
0 0 1
1 2.14911e+08 0
4 0 0
0 0 1
1 1.68684e+08 0
5 0 0
0 0 1
1 1.30736e+08 0
6 0 0
0 0 1
1 9.03858e+07 0
7 0 0
0 0 1
1 5.60979e+07 0
8 0 0
0 0 1
1 3.69649e+07 0
9 0 0
0 0 1
1 2.75523e+07 0
10 0 0
0 0 1
1 1.90341e+07 0
11 0 0
0 0 1
1 1.18876e+07 0
12 0 0
0 0 1
1 9.52081e+06 0
13 0 0
0 0 1
1 9.21092e+06 0
14 0 0
0 0 1
1 7.14231e+06 0
15 0 0
0 0 1
1 5.28791e+06 0
16 0 0
0 0 1
1 6.42224e+06 0
17 0 0
0 0 1
1 7.7623e+06 0
18 0 0
0 0 1
1 5.51256e+06 0
19 0 0
0 0 1
1 1.26904e+06 0
20 0 0
0 0 1
1 -1.32475e+06 0
21 0 0
0 0 1
1 -2.45754e+06 0
22 0 0
0 0 1
1 -4.01041e+06 0
23 0 0
0 0 1
1 -5.06534e+06 0
24 0 0
0 0 1
1 -4.10041e+06 0
25 0 0
0 0 1
1 -2.75975e+06 0
26 0 0
0 0 1
1 -3.24984e+06 0
27 0 0
0 0 1
1 -4.45773e+06 0
28 0 0
0 0 1
1 -4.39262e+06 0
29 0 0
0 0 1
1 -4.05194e+06 0
30 0 0
0 0 1
1 -5.19234e+06 0
-1 0 0
