91
1 0 0
0 0 1
1 5.92603e+07 0
2 0 0
0 0 1
1 4.77065e+07 0
3 0 0
0 0 1
1 3.46867e+07 0
4 0 0
0 0 1
1 2.46627e+07 0
5 0 0
0 0 1
1 1.79935e+07 0
6 0 0
0 0 1
1 1.31997e+07 0
7 0 0
0 0 1
1 9.56339e+06 0
8 0 0
0 0 1
1 7.092e+06 0
9 0 0
0 0 1
1 5.49403e+06 0
10 0 0
0 0 1
1 4.29765e+06 0
11 0 0
0 0 1
1 3.43187e+06 0
12 0 0
0 0 1
1 2.99584e+06 0
13 0 0
0 0 1
1 2.80108e+06 0
14 0 0
0 0 1
1 2.61306e+06 0
15 0 0
0 0 1
1 2.51461e+06 0
16 0 0
0 0 1
1 2.6112e+06 0
17 0 0
0 0 1
1 2.66012e+06 0
18 0 0
0 0 1
1 2.37821e+06 0
19 0 0
0 0 1
1 1.88566e+06 0
20 0 0
0 0 1
1 1.49409e+06 0
21 0 0
0 0 1
1 1.24856e+06 0
22 0 0
0 0 1
1 1.00027e+06 0
23 0 0
0 0 1
1 757703 0
24 0 0
0 0 1
1 642352 0
25 0 0
0 0 1
1 615635 0
26 0 0
0 0 1
1 540074 0
27 0 0
0 0 1
1 428636 0
28 0 0
0 0 1
1 388257 0
29 0 0
0 0 1
1 394533 0
30 0 0
0 0 1
1 346133 0
-1 0 0
