91
1 0 0
0 0 1
1 4.99681e+07 0
2 0 0
0 0 1
1 4.28544e+07 0
3 0 0
0 0 1
1 2.80466e+07 0
4 0 0
0 0 1
1 1.33697e+07 0
5 0 0
0 0 1
1 7.76766e+06 0
6 0 0
0 0 1
1 4.87817e+06 0
7 0 0
0 0 1
1 4.14896e+06 0
8 0 0
0 0 1
1 3.00078e+06 0
9 0 0
0 0 1
1 3.12409e+06 0
10 0 0
0 0 1
1 2.779e+06 0
11 0 0
0 0 1
1 2.22252e+06 0
12 0 0
0 0 1
1 2.0872e+06 0
13 0 0
0 0 1
1 2.11481e+06 0
14 0 0
0 0 1
1 1.45362e+06 0
15 0 0
0 0 1
1 788332 0
16 0 0
0 0 1
1 613043 0
17 0 0
0 0 1
1 603355 0
18 0 0
0 0 1
1 294329 0
19 0 0
0 0 1
1 111890 0
20 0 0
0 0 1
1 245241 0
21 0 0
0 0 1
1 21840 0
22 0 0
0 0 1
1 -37914 0
23 0 0
0 0 1
1 -82087 0
24 0 0
0 0 1
1 -488602 0
25 0 0
0 0 1
1 55593 0
26 0 0
0 0 1
1 -432875 0
27 0 0
0 0 1
1 86077 0
28 0 0
0 0 1
1 -23961 0
29 0 0
0 0 1
1 -2710 0
30 0 0
0 0 1
1 -439574 0
-1 0 0
