91
1 0 0
0 0 1
1 2.04747e+07 0
2 0 0
0 0 1
1 1.71111e+07 0
3 0 0
0 0 1
1 1.36816e+07 0
4 0 0
0 0 1
1 1.07862e+07 0
5 0 0
0 0 1
1 8.51695e+06 0
6 0 0
0 0 1
1 6.79844e+06 0
7 0 0
0 0 1
1 5.56854e+06 0
8 0 0
0 0 1
1 4.70072e+06 0
9 0 0
0 0 1
1 4.00073e+06 0
10 0 0
0 0 1
1 3.37374e+06 0
11 0 0
0 0 1
1 2.88403e+06 0
12 0 0
0 0 1
1 2.59375e+06 0
13 0 0
0 0 1
1 2.43943e+06 0
14 0 0
0 0 1
1 2.3211e+06 0
15 0 0
0 0 1
1 2.21778e+06 0
16 0 0
0 0 1
1 2.14317e+06 0
17 0 0
0 0 1
1 2.06459e+06 0
18 0 0
0 0 1
1 1.95111e+06 0
19 0 0
0 0 1
1 1.8538e+06 0
20 0 0
0 0 1
1 1.85608e+06 0
21 0 0
0 0 1
1 1.96744e+06 0
22 0 0
0 0 1
1 2.12948e+06 0
23 0 0
0 0 1
1 2.30824e+06 0
24 0 0
0 0 1
1 2.52624e+06 0
25 0 0
0 0 1
1 2.82092e+06 0
26 0 0
0 0 1
1 3.22546e+06 0
27 0 0
0 0 1
1 3.78173e+06 0
28 0 0
0 0 1
1 4.52703e+06 0
29 0 0
0 0 1
1 5.47213e+06 0
30 0 0
0 0 1
1 6.61785e+06 0
-1 0 0
