91
1 0 0
0 0 1
1 3.88005e+06 0
2 0 0
0 0 1
1 3.1304e+06 0
3 0 0
0 0 1
1 2.17435e+06 0
4 0 0
0 0 1
1 1.41903e+06 0
5 0 0
0 0 1
1 943932 0
6 0 0
0 0 1
1 635672 0
7 0 0
0 0 1
1 422653 0
8 0 0
0 0 1
1 302693 0
9 0 0
0 0 1
1 244996 0
10 0 0
0 0 1
1 186433 0
11 0 0
0 0 1
1 113000 0
12 0 0
0 0 1
1 68148 0
13 0 0
0 0 1
1 74283 0
14 0 0
0 0 1
1 98469 0
15 0 0
0 0 1
1 104312 0
16 0 0
0 0 1
1 93553 0
17 0 0
0 0 1
1 81218 0
18 0 0
0 0 1
1 64801 0
19 0 0
0 0 1
1 38117 0
20 0 0
0 0 1
1 11651 0
21 0 0
0 0 1
1 32 0
22 0 0
0 0 1
1 4313 0
23 0 0
0 0 1
1 17928 0
24 0 0
0 0 1
1 33844 0
25 0 0
0 0 1
1 37478 0
26 0 0
0 0 1
1 14171 0
27 0 0
0 0 1
1 -22920 0
28 0 0
0 0 1
1 -34566 0
29 0 0
0 0 1
1 -4345 0
30 0 0
0 0 1
1 32457 0
-1 0 0
