91
1 0 0
0 0 1
1 1.34675e+07 0
2 0 0
0 0 1
1 9.30417e+06 0
3 0 0
0 0 1
1 6.11809e+06 0
4 0 0
0 0 1
1 4.34321e+06 0
5 0 0
0 0 1
1 3.18608e+06 0
6 0 0
0 0 1
1 2.18182e+06 0
7 0 0
0 0 1
1 1.50378e+06 0
8 0 0
0 0 1
1 1.19312e+06 0
9 0 0
0 0 1
1 936154 0
10 0 0
0 0 1
1 603143 0
11 0 0
0 0 1
1 410777 0
12 0 0
0 0 1
1 456239 0
13 0 0
0 0 1
1 532269 0
14 0 0
0 0 1
1 506684 0
15 0 0
0 0 1
1 506887 0
16 0 0
0 0 1
1 599556 0
17 0 0
0 0 1
1 613181 0
18 0 0
0 0 1
1 434930 0
19 0 0
0 0 1
1 216605 0
20 0 0
0 0 1
1 121541 0
21 0 0
0 0 1
1 88143 0
22 0 0
0 0 1
1 6509 0
23 0 0
0 0 1
1 -66748 0
24 0 0
0 0 1
1 -45124 0
25 0 0
0 0 1
1 -1154 0
26 0 0
0 0 1
1 -36119 0
27 0 0
0 0 1
1 -85024 0
28 0 0
0 0 1
1 -31584 0
29 0 0
0 0 1
1 74606 0
30 0 0
0 0 1
1 91893 0
-1 0 0
