91
1 0 0
0 0 1
1 2.92119e+07 0
2 0 0
0 0 1
1 2.19831e+07 0
3 0 0
0 0 1
1 1.56619e+07 0
4 0 0
0 0 1
1 1.10696e+07 0
5 0 0
0 0 1
1 7.72136e+06 0
6 0 0
0 0 1
1 5.42267e+06 0
7 0 0
0 0 1
1 4.11164e+06 0
8 0 0
0 0 1
1 3.31154e+06 0
9 0 0
0 0 1
1 2.59684e+06 0
10 0 0
0 0 1
1 2.06843e+06 0
11 0 0
0 0 1
1 1.86569e+06 0
12 0 0
0 0 1
1 1.72074e+06 0
13 0 0
0 0 1
1 1.43328e+06 0
14 0 0
0 0 1
1 1.28376e+06 0
15 0 0
0 0 1
1 1.50248e+06 0
16 0 0
0 0 1
1 1.74918e+06 0
17 0 0
0 0 1
1 1.59185e+06 0
18 0 0
0 0 1
1 1.15584e+06 0
19 0 0
0 0 1
1 846314 0
20 0 0
0 0 1
1 725596 0
21 0 0
0 0 1
1 606881 0
22 0 0
0 0 1
1 501588 0
23 0 0
0 0 1
1 521895 0
24 0 0
0 0 1
1 540251 0
25 0 0
0 0 1
1 376414 0
26 0 0
0 0 1
1 166763 0
27 0 0
0 0 1
1 152375 0
28 0 0
0 0 1
1 249382 0
29 0 0
0 0 1
1 222497 0
30 0 0
0 0 1
1 144093 0
-1 0 0
