91
1 0 0
0 0 1
1 3.72144e+08 0
2 0 0
0 0 1
1 2.91642e+08 0
3 0 0
0 0 1
1 2.13523e+08 0
4 0 0
0 0 1
1 1.56154e+08 0
5 0 0
0 0 1
1 1.14546e+08 0
6 0 0
0 0 1
1 8.20252e+07 0
7 0 0
0 0 1
1 5.91624e+07 0
8 0 0
0 0 1
1 4.58228e+07 0
9 0 0
0 0 1
1 3.70102e+07 0
10 0 0
0 0 1
1 2.90349e+07 0
11 0 0
0 0 1
1 2.30052e+07 0
12 0 0
0 0 1
1 2.02233e+07 0
13 0 0
0 0 1
1 1.90358e+07 0
14 0 0
0 0 1
1 1.79238e+07 0
15 0 0
0 0 1
1 1.76482e+07 0
16 0 0
0 0 1
1 1.8516e+07 0
17 0 0
0 0 1
1 1.866e+07 0
18 0 0
0 0 1
1 1.67164e+07 0
19 0 0
0 0 1
1 1.37702e+07 0
20 0 0
0 0 1
1 1.1265e+07 0
21 0 0
0 0 1
1 9.09644e+06 0
22 0 0
0 0 1
1 6.96864e+06 0
23 0 0
0 0 1
1 5.63519e+06 0
24 0 0
0 0 1
1 5.45969e+06 0
25 0 0
0 0 1
1 5.36311e+06 0
26 0 0
0 0 1
1 4.47431e+06 0
27 0 0
0 0 1
1 3.53185e+06 0
28 0 0
0 0 1
1 3.51551e+06 0
29 0 0
0 0 1
1 3.98838e+06 0
30 0 0
0 0 1
1 3.87433e+06 0
-1 0 0
