91
1 0 0
0 0 1
1 1.4283e+08 0
2 0 0
0 0 1
1 1.12702e+08 0
3 0 0
0 0 1
1 8.09142e+07 0
4 0 0
0 0 1
1 5.63462e+07 0
5 0 0
0 0 1
1 4.02816e+07 0
6 0 0
0 0 1
1 2.95406e+07 0
7 0 0
0 0 1
1 2.1492e+07 0
8 0 0
0 0 1
1 1.55919e+07 0
9 0 0
0 0 1
1 1.18106e+07 0
10 0 0
0 0 1
1 9.45044e+06 0
11 0 0
0 0 1
1 7.72864e+06 0
12 0 0
0 0 1
1 6.53625e+06 0
13 0 0
0 0 1
1 6.06188e+06 0
14 0 0
0 0 1
1 6.06674e+06 0
15 0 0
0 0 1
1 5.99842e+06 0
16 0 0
0 0 1
1 5.62444e+06 0
17 0 0
0 0 1
1 5.12671e+06 0
18 0 0
0 0 1
1 4.62488e+06 0
19 0 0
0 0 1
1 3.98394e+06 0
20 0 0
0 0 1
1 3.14214e+06 0
21 0 0
0 0 1
1 2.31253e+06 0
22 0 0
0 0 1
1 1.72777e+06 0
23 0 0
0 0 1
1 1.38637e+06 0
24 0 0
0 0 1
1 1.15631e+06 0
25 0 0
0 0 1
1 958562 0
26 0 0
0 0 1
1 756049 0
27 0 0
0 0 1
1 527681 0
28 0 0
0 0 1
1 357665 0
29 0 0
0 0 1
1 401975 0
30 0 0
0 0 1
1 656164 0
-1 0 0
