91
1 0 0
0 0 1
1 9.94588e+06 0
2 0 0
0 0 1
1 8.32602e+06 0
3 0 0
0 0 1
1 6.48619e+06 0
4 0 0
0 0 1
1 4.88662e+06 0
5 0 0
0 0 1
1 3.6937e+06 0
6 0 0
0 0 1
1 2.84376e+06 0
7 0 0
0 0 1
1 2.28435e+06 0
8 0 0
0 0 1
1 1.9764e+06 0
9 0 0
0 0 1
1 1.75204e+06 0
10 0 0
0 0 1
1 1.42434e+06 0
11 0 0
0 0 1
1 1.04737e+06 0
12 0 0
0 0 1
1 850186 0
13 0 0
0 0 1
1 875430 0
14 0 0
0 0 1
1 886585 0
15 0 0
0 0 1
1 701974 0
16 0 0
0 0 1
1 433969 0
17 0 0
0 0 1
1 297333 0
18 0 0
0 0 1
1 335560 0
19 0 0
0 0 1
1 449264 0
20 0 0
0 0 1
1 562635 0
21 0 0
0 0 1
1 636273 0
22 0 0
0 0 1
1 621482 0
23 0 0
0 0 1
1 533049 0
24 0 0
0 0 1
1 490410 0
25 0 0
0 0 1
1 569973 0
26 0 0
0 0 1
1 690976 0
27 0 0
0 0 1
1 764509 0
28 0 0
0 0 1
1 873861 0
29 0 0
0 0 1
1 1.16111e+06 0
30 0 0
0 0 1
1 1.60057e+06 0
-1 0 0
