##TITLE= Parameter file, TOPSPIN		Version 2.1
##JCAMPDX= 5.0
##DATATYPE= Parameter Values
##NPOINTS= 16	$$ modification sequence number
##ORIGIN= Bruker BioSpin GmbH
##OWNER= mfjofre
$$ 2011-01-11 08:42:16.658 -0600  mfjofre@kerry
$$ /opt/topspin216/data/mfjofre/nmr/CQ_00135-D2O-100mm-1-10-11/2/pdata/1/clevels
$$ process /opt/topspin216/prog/mod/dataserver
##$LEVELS= (0..255)
-2350595.2 -1958829.3 -1632357.8 -1360298.2 -1133581.8 -944651.5 -787209.6
-656008 -546673.3 -455561.1 -379634.2 -316361.9 -263634.9 -219695.7 -183079.8
-152566.5 -127138.7 -105949 -88290.8 -73575.7 -61313.1 -51094.2 -42578.5
-35482.1 -29568.4 -24640.3 -20533.6 -17111.3 -14259.5 -11882.9 -9902.4
-8252 8252 9902.4 11882.9 14259.5 17111.3 20533.6 24640.3 29568.4 35482.1
42578.5 51094.2 61313.1 73575.7 88290.8 105949 127138.7 152566.5 183079.8
219695.7 263634.9 316361.9 379634.2 455561.1 546673.3 656008 787209.6 944651.5
1133581.8 1360298.2 1632357.8 1958829.3 2350595.2 0 0 0 0 0 0 0 0 0 0 0
0 0 0 0 0 0 0 0 0 0 0 0 0 0 0 0 0 0 0 0 0 0 0 0 0 0 0 0 0 0 0 0 0 0 0 0
0 0 0 0 0 0 0 0 0 0 0 0 0 0 0 0 0 0 0 0 0 0 0 0 0 0 0 0 0 0 0 0 0 0 0 0
0 0 0 0 0 0 0 0 0 0 0 0 0 0 0 0 0 0 0 0 0 0 0 0 0 0 0 0 0 0 0 0 0 0 0 0
0 0 0 0 0 0 0 0 0 0 0 0 0 0 0 0 0 0 0 0 0 0 0 0 0 0 0 0 0 0 0 0 0 0 0 0
0 0 0 0 0 0 0 0 0 0 0 0 0 0 0 0 0 0 0 0 0 0 0 0 0 0 0 0 0 0 0 0 0 0 0 0
0
##$LEVSIGN= 3
##$MAXLEV= 64
##$METHOD= 0
##$NEGBASE= -8252
##$NEGINCR= 1.2
##$POSBASE= 8252
##$POSINCR= 1.2
##END=
