91
1 0 0
0 0 1
1 3.98499e+08 0
2 0 0
0 0 1
1 2.98503e+08 0
3 0 0
0 0 1
1 1.92472e+08 0
4 0 0
0 0 1
1 1.24046e+08 0
5 0 0
0 0 1
1 8.92154e+07 0
6 0 0
0 0 1
1 6.53745e+07 0
7 0 0
0 0 1
1 4.48887e+07 0
8 0 0
0 0 1
1 3.2249e+07 0
9 0 0
0 0 1
1 2.63509e+07 0
10 0 0
0 0 1
1 2.08595e+07 0
11 0 0
0 0 1
1 1.50672e+07 0
12 0 0
0 0 1
1 1.27527e+07 0
13 0 0
0 0 1
1 1.35145e+07 0
14 0 0
0 0 1
1 1.36151e+07 0
15 0 0
0 0 1
1 1.29018e+07 0
16 0 0
0 0 1
1 1.37919e+07 0
17 0 0
0 0 1
1 1.5215e+07 0
18 0 0
0 0 1
1 1.37858e+07 0
19 0 0
0 0 1
1 9.79685e+06 0
20 0 0
0 0 1
1 6.67472e+06 0
21 0 0
0 0 1
1 5.37152e+06 0
22 0 0
0 0 1
1 4.03341e+06 0
23 0 0
0 0 1
1 2.43139e+06 0
24 0 0
0 0 1
1 2.17332e+06 0
25 0 0
0 0 1
1 2.90963e+06 0
26 0 0
0 0 1
1 2.50143e+06 0
27 0 0
0 0 1
1 915108 0
28 0 0
0 0 1
1 280892 0
29 0 0
0 0 1
1 1.04374e+06 0
30 0 0
0 0 1
1 1.4176e+06 0
-1 0 0
