91
1 0 0
0 0 1
1 553136 0
2 0 0
0 0 1
1 429832 0
3 0 0
0 0 1
1 294655 0
4 0 0
0 0 1
1 196110 0
5 0 0
0 0 1
1 152810 0
6 0 0
0 0 1
1 137739 0
7 0 0
0 0 1
1 127428 0
8 0 0
0 0 1
1 131575 0
9 0 0
0 0 1
1 157927 0
10 0 0
0 0 1
1 181644 0
11 0 0
0 0 1
1 176902 0
12 0 0
0 0 1
1 157181 0
13 0 0
0 0 1
1 154789 0
14 0 0
0 0 1
1 172331 0
15 0 0
0 0 1
1 182869 0
16 0 0
0 0 1
1 173716 0
17 0 0
0 0 1
1 162162 0
18 0 0
0 0 1
1 163183 0
19 0 0
0 0 1
1 165481 0
20 0 0
0 0 1
1 152652 0
21 0 0
0 0 1
1 132587 0
22 0 0
0 0 1
1 128395 0
23 0 0
0 0 1
1 145559 0
24 0 0
0 0 1
1 164486 0
25 0 0
0 0 1
1 167662 0
26 0 0
0 0 1
1 160863 0
27 0 0
0 0 1
1 159931 0
28 0 0
0 0 1
1 165890 0
29 0 0
0 0 1
1 165281 0
30 0 0
0 0 1
1 152140 0
-1 0 0
