91
1 0 0
0 0 1
1 2.16602e+08 0
2 0 0
0 0 1
1 1.7667e+08 0
3 0 0
0 0 1
1 1.40428e+08 0
4 0 0
0 0 1
1 1.09144e+08 0
5 0 0
0 0 1
1 8.23433e+07 0
6 0 0
0 0 1
1 6.08337e+07 0
7 0 0
0 0 1
1 4.51072e+07 0
8 0 0
0 0 1
1 3.39491e+07 0
9 0 0
0 0 1
1 2.58199e+07 0
10 0 0
0 0 1
1 2.01985e+07 0
11 0 0
0 0 1
1 1.68659e+07 0
12 0 0
0 0 1
1 1.50392e+07 0
13 0 0
0 0 1
1 1.39264e+07 0
14 0 0
0 0 1
1 1.32905e+07 0
15 0 0
0 0 1
1 1.28862e+07 0
16 0 0
0 0 1
1 1.20689e+07 0
17 0 0
0 0 1
1 1.05182e+07 0
18 0 0
0 0 1
1 8.73689e+06 0
19 0 0
0 0 1
1 7.31108e+06 0
20 0 0
0 0 1
1 6.17303e+06 0
21 0 0
0 0 1
1 5.0354e+06 0
22 0 0
0 0 1
1 4.0331e+06 0
23 0 0
0 0 1
1 3.4159e+06 0
24 0 0
0 0 1
1 3.01318e+06 0
25 0 0
0 0 1
1 2.52374e+06 0
26 0 0
0 0 1
1 2.04005e+06 0
27 0 0
0 0 1
1 1.81922e+06 0
28 0 0
0 0 1
1 1.77782e+06 0
29 0 0
0 0 1
1 1.6472e+06 0
30 0 0
0 0 1
1 1.43195e+06 0
-1 0 0
