91
1 0 0
0 0 1
1 6.55793e+07 0
2 0 0
0 0 1
1 5.45009e+07 0
3 0 0
0 0 1
1 4.18148e+07 0
4 0 0
0 0 1
1 3.02808e+07 0
5 0 0
0 0 1
1 2.12538e+07 0
6 0 0
0 0 1
1 1.49307e+07 0
7 0 0
0 0 1
1 1.08522e+07 0
8 0 0
0 0 1
1 8.21552e+06 0
9 0 0
0 0 1
1 6.28352e+06 0
10 0 0
0 0 1
1 4.7863e+06 0
11 0 0
0 0 1
1 3.81559e+06 0
12 0 0
0 0 1
1 3.35548e+06 0
13 0 0
0 0 1
1 3.15041e+06 0
14 0 0
0 0 1
1 3.00037e+06 0
15 0 0
0 0 1
1 2.88187e+06 0
16 0 0
0 0 1
1 2.73322e+06 0
17 0 0
0 0 1
1 2.40551e+06 0
18 0 0
0 0 1
1 1.91611e+06 0
19 0 0
0 0 1
1 1.49886e+06 0
20 0 0
0 0 1
1 1.28178e+06 0
21 0 0
0 0 1
1 1.11746e+06 0
22 0 0
0 0 1
1 844274 0
23 0 0
0 0 1
1 524324 0
24 0 0
0 0 1
1 300705 0
25 0 0
0 0 1
1 189845 0
26 0 0
0 0 1
1 140985 0
27 0 0
0 0 1
1 146052 0
28 0 0
0 0 1
1 162805 0
29 0 0
0 0 1
1 75450 0
30 0 0
0 0 1
1 -130346 0
-1 0 0
