91
1 0 0
0 0 1
1 4.54431e+07 0
2 0 0
0 0 1
1 3.77459e+07 0
3 0 0
0 0 1
1 3.04695e+07 0
4 0 0
0 0 1
1 2.51649e+07 0
5 0 0
0 0 1
1 2.23506e+07 0
6 0 0
0 0 1
1 2.15023e+07 0
7 0 0
0 0 1
1 2.14571e+07 0
8 0 0
0 0 1
1 2.10159e+07 0
9 0 0
0 0 1
1 1.94663e+07 0
10 0 0
0 0 1
1 1.68114e+07 0
11 0 0
0 0 1
1 1.36436e+07 0
12 0 0
0 0 1
1 1.07721e+07 0
13 0 0
0 0 1
1 8.80733e+06 0
14 0 0
0 0 1
1 7.90161e+06 0
15 0 0
0 0 1
1 7.74461e+06 0
16 0 0
0 0 1
1 7.77886e+06 0
17 0 0
0 0 1
1 7.5002e+06 0
18 0 0
0 0 1
1 6.68531e+06 0
19 0 0
0 0 1
1 5.44661e+06 0
20 0 0
0 0 1
1 4.11429e+06 0
21 0 0
0 0 1
1 3.03219e+06 0
22 0 0
0 0 1
1 2.38538e+06 0
23 0 0
0 0 1
1 2.14345e+06 0
24 0 0
0 0 1
1 2.1301e+06 0
25 0 0
0 0 1
1 2.15986e+06 0
26 0 0
0 0 1
1 2.15374e+06 0
27 0 0
0 0 1
1 2.16892e+06 0
28 0 0
0 0 1
1 2.33491e+06 0
29 0 0
0 0 1
1 2.7447e+06 0
30 0 0
0 0 1
1 3.37252e+06 0
-1 0 0
