91
1 0 0
0 0 1
1 896189 0
2 0 0
0 0 1
1 746321 0
3 0 0
0 0 1
1 538571 0
4 0 0
0 0 1
1 360854 0
5 0 0
0 0 1
1 323779 0
6 0 0
0 0 1
1 380188 0
7 0 0
0 0 1
1 372012 0
8 0 0
0 0 1
1 277185 0
9 0 0
0 0 1
1 243176 0
10 0 0
0 0 1
1 331420 0
11 0 0
0 0 1
1 404433 0
12 0 0
0 0 1
1 349838 0
13 0 0
0 0 1
1 254762 0
14 0 0
0 0 1
1 244629 0
15 0 0
0 0 1
1 286972 0
16 0 0
0 0 1
1 288578 0
17 0 0
0 0 1
1 274401 0
18 0 0
0 0 1
1 319128 0
19 0 0
0 0 1
1 379715 0
20 0 0
0 0 1
1 352826 0
21 0 0
0 0 1
1 259575 0
22 0 0
0 0 1
1 229096 0
23 0 0
0 0 1
1 307282 0
24 0 0
0 0 1
1 402038 0
25 0 0
0 0 1
1 424635 0
26 0 0
0 0 1
1 386329 0
27 0 0
0 0 1
1 338836 0
28 0 0
0 0 1
1 298085 0
29 0 0
0 0 1
1 254110 0
30 0 0
0 0 1
1 210694 0
-1 0 0
