91
1 0 0
0 0 1
1 1.94178e+06 0
2 0 0
0 0 1
1 1.46271e+06 0
3 0 0
0 0 1
1 1.03579e+06 0
4 0 0
0 0 1
1 795117 0
5 0 0
0 0 1
1 628057 0
6 0 0
0 0 1
1 429350 0
7 0 0
0 0 1
1 285320 0
8 0 0
0 0 1
1 292108 0
9 0 0
0 0 1
1 346286 0
10 0 0
0 0 1
1 293659 0
11 0 0
0 0 1
1 181901 0
12 0 0
0 0 1
1 165596 0
13 0 0
0 0 1
1 225567 0
14 0 0
0 0 1
1 201763 0
15 0 0
0 0 1
1 85534 0
16 0 0
0 0 1
1 49730 0
17 0 0
0 0 1
1 152193 0
18 0 0
0 0 1
1 225660 0
19 0 0
0 0 1
1 146608 0
20 0 0
0 0 1
1 25956 0
21 0 0
0 0 1
1 14774 0
22 0 0
0 0 1
1 74533 0
23 0 0
0 0 1
1 81625 0
24 0 0
0 0 1
1 42504 0
25 0 0
0 0 1
1 49033 0
26 0 0
0 0 1
1 97970 0
27 0 0
0 0 1
1 112630 0
28 0 0
0 0 1
1 101268 0
29 0 0
0 0 1
1 140526 0
30 0 0
0 0 1
1 212110 0
-1 0 0
