91
1 0 0
0 0 1
1 3.85243e+08 0
2 0 0
0 0 1
1 2.86353e+08 0
3 0 0
0 0 1
1 1.92985e+08 0
4 0 0
0 0 1
1 1.25094e+08 0
5 0 0
0 0 1
1 8.06779e+07 0
6 0 0
0 0 1
1 5.20947e+07 0
7 0 0
0 0 1
1 3.47248e+07 0
8 0 0
0 0 1
1 2.38875e+07 0
9 0 0
0 0 1
1 1.78023e+07 0
10 0 0
0 0 1
1 1.43113e+07 0
11 0 0
0 0 1
1 1.27821e+07 0
12 0 0
0 0 1
1 1.21876e+07 0
13 0 0
0 0 1
1 1.25635e+07 0
14 0 0
0 0 1
1 1.35333e+07 0
15 0 0
0 0 1
1 1.45727e+07 0
16 0 0
0 0 1
1 1.41312e+07 0
17 0 0
0 0 1
1 1.20916e+07 0
18 0 0
0 0 1
1 9.14729e+06 0
19 0 0
0 0 1
1 6.74589e+06 0
20 0 0
0 0 1
1 4.92738e+06 0
21 0 0
0 0 1
1 3.77662e+06 0
22 0 0
0 0 1
1 2.91891e+06 0
23 0 0
0 0 1
1 2.42977e+06 0
24 0 0
0 0 1
1 2.01728e+06 0
25 0 0
0 0 1
1 1.80659e+06 0
26 0 0
0 0 1
1 1.56144e+06 0
27 0 0
0 0 1
1 1.43203e+06 0
28 0 0
0 0 1
1 1.25694e+06 0
29 0 0
0 0 1
1 1.18171e+06 0
30 0 0
0 0 1
1 1.02192e+06 0
-1 0 0
