91
1 0 0
0 0 1
1 3.72364e+08 0
2 0 0
0 0 1
1 2.70754e+08 0
3 0 0
0 0 1
1 1.82735e+08 0
4 0 0
0 0 1
1 1.28644e+08 0
5 0 0
0 0 1
1 9.43057e+07 0
6 0 0
0 0 1
1 6.6641e+07 0
7 0 0
0 0 1
1 4.69031e+07 0
8 0 0
0 0 1
1 3.64645e+07 0
9 0 0
0 0 1
1 2.94442e+07 0
10 0 0
0 0 1
1 2.19845e+07 0
11 0 0
0 0 1
1 1.68384e+07 0
12 0 0
0 0 1
1 1.57586e+07 0
13 0 0
0 0 1
1 1.5708e+07 0
14 0 0
0 0 1
1 1.48435e+07 0
15 0 0
0 0 1
1 1.51553e+07 0
16 0 0
0 0 1
1 1.69397e+07 0
17 0 0
0 0 1
1 1.67367e+07 0
18 0 0
0 0 1
1 1.30897e+07 0
19 0 0
0 0 1
1 9.22614e+06 0
20 0 0
0 0 1
1 7.77394e+06 0
21 0 0
0 0 1
1 7.2296e+06 0
22 0 0
0 0 1
1 5.72027e+06 0
23 0 0
0 0 1
1 4.2107e+06 0
24 0 0
0 0 1
1 3.81777e+06 0
25 0 0
0 0 1
1 3.48176e+06 0
26 0 0
0 0 1
1 2.43107e+06 0
27 0 0
0 0 1
1 1.90359e+06 0
28 0 0
0 0 1
1 2.48934e+06 0
29 0 0
0 0 1
1 2.58109e+06 0
30 0 0
0 0 1
1 1.30627e+06 0
-1 0 0
