91
1 0 0
0 0 1
1 3.79702e+08 0
2 0 0
0 0 1
1 2.77719e+08 0
3 0 0
0 0 1
1 1.80984e+08 0
4 0 0
0 0 1
1 1.14683e+08 0
5 0 0
0 0 1
1 7.41532e+07 0
6 0 0
0 0 1
1 4.87969e+07 0
7 0 0
0 0 1
1 3.26868e+07 0
8 0 0
0 0 1
1 2.23547e+07 0
9 0 0
0 0 1
1 1.62311e+07 0
10 0 0
0 0 1
1 1.2619e+07 0
11 0 0
0 0 1
1 1.07527e+07 0
12 0 0
0 0 1
1 9.78215e+06 0
13 0 0
0 0 1
1 9.74677e+06 0
14 0 0
0 0 1
1 1.05478e+07 0
15 0 0
0 0 1
1 1.21961e+07 0
16 0 0
0 0 1
1 1.31343e+07 0
17 0 0
0 0 1
1 1.17128e+07 0
18 0 0
0 0 1
1 8.76221e+06 0
19 0 0
0 0 1
1 6.35623e+06 0
20 0 0
0 0 1
1 4.64823e+06 0
21 0 0
0 0 1
1 3.57844e+06 0
22 0 0
0 0 1
1 2.78284e+06 0
23 0 0
0 0 1
1 2.26874e+06 0
24 0 0
0 0 1
1 1.85616e+06 0
25 0 0
0 0 1
1 1.60005e+06 0
26 0 0
0 0 1
1 1.35283e+06 0
27 0 0
0 0 1
1 1.20297e+06 0
28 0 0
0 0 1
1 1.08311e+06 0
29 0 0
0 0 1
1 1.04532e+06 0
30 0 0
0 0 1
1 1.00071e+06 0
-1 0 0
