DU=C:/Bruker/XWIN-NMR, USER=cui, NAME=expnmr_00321, EXPNO=1, PROCNO=1
F1=7.327ppm, F2=2.327ppm, MI=0.50cm, MAXI=36.00cm, PC=4.000
     #     ADDRESS            FREQUENCY         INTENSITY
                           [Hz]        [PPM]
     1     22983.6     3446.451       6.8951         9.36
     2     23059.2     3438.372       6.8789        11.70
     3     23332.1     3409.213       6.8206        12.06
     4     23348.2     3407.493       6.8172        12.50
     5     23751.8     3364.366       6.7309         8.06
     6     23768.3     3362.610       6.7274         7.72
     7     23827.4     3356.289       6.7147         6.98
     8     23843.8     3354.536       6.7112         6.50
     9     32767.1     2401.041       4.8036        11.52
    10     33012.5     2374.820       4.7512         5.12
    11     36870.6     1962.568       3.9264         5.59
    12     36918.2     1957.486       3.9162         6.91
    13     36943.2     1954.811       3.9109         6.97
    14     36990.6     1949.743       3.9007         5.89
    15     40434.9     1581.703       3.1644         5.05
    16     40481.7     1576.710       3.1544         5.01
    17     40572.0     1567.057       3.1351         7.22
    18     40618.8     1562.063       3.1251         6.77
    19     41166.3     1503.554       3.0081         7.02
    20     41239.6     1495.720       2.9924         6.95
    21     41303.3     1488.919       2.9788         5.09
    22     41376.6     1481.079       2.9631         4.76
