91
1 0 0
0 0 1
1 7.05547e+07 0
2 0 0
0 0 1
1 5.17505e+07 0
3 0 0
0 0 1
1 3.31653e+07 0
4 0 0
0 0 1
1 2.20461e+07 0
5 0 0
0 0 1
1 1.63921e+07 0
6 0 0
0 0 1
1 1.1933e+07 0
7 0 0
0 0 1
1 8.11709e+06 0
8 0 0
0 0 1
1 6.15407e+06 0
9 0 0
0 0 1
1 5.39043e+06 0
10 0 0
0 0 1
1 4.33948e+06 0
11 0 0
0 0 1
1 3.15361e+06 0
12 0 0
0 0 1
1 2.7838e+06 0
13 0 0
0 0 1
1 2.97061e+06 0
14 0 0
0 0 1
1 2.86947e+06 0
15 0 0
0 0 1
1 2.66996e+06 0
16 0 0
0 0 1
1 2.99244e+06 0
17 0 0
0 0 1
1 3.43329e+06 0
18 0 0
0 0 1
1 3.15575e+06 0
19 0 0
0 0 1
1 2.37083e+06 0
20 0 0
0 0 1
1 1.94297e+06 0
21 0 0
0 0 1
1 1.94874e+06 0
22 0 0
0 0 1
1 1.7912e+06 0
23 0 0
0 0 1
1 1.40824e+06 0
24 0 0
0 0 1
1 1.27015e+06 0
25 0 0
0 0 1
1 1.39102e+06 0
26 0 0
0 0 1
1 1.33259e+06 0
27 0 0
0 0 1
1 1.06869e+06 0
28 0 0
0 0 1
1 981351 0
29 0 0
0 0 1
1 1.08667e+06 0
30 0 0
0 0 1
1 1.03883e+06 0
-1 0 0
