91
1 0 0
0 0 1
1 6.15805e+06 0
2 0 0
0 0 1
1 4.4939e+06 0
3 0 0
0 0 1
1 3.11329e+06 0
4 0 0
0 0 1
1 2.16677e+06 0
5 0 0
0 0 1
1 1.50153e+06 0
6 0 0
0 0 1
1 991716 0
7 0 0
0 0 1
1 632950 0
8 0 0
0 0 1
1 423593 0
9 0 0
0 0 1
1 302824 0
10 0 0
0 0 1
1 221554 0
11 0 0
0 0 1
1 184252 0
12 0 0
0 0 1
1 184921 0
13 0 0
0 0 1
1 168784 0
14 0 0
0 0 1
1 105961 0
15 0 0
0 0 1
1 50426 0
16 0 0
0 0 1
1 64144 0
17 0 0
0 0 1
1 118204 0
18 0 0
0 0 1
1 135464 0
19 0 0
0 0 1
1 104770 0
20 0 0
0 0 1
1 77554 0
21 0 0
0 0 1
1 66501 0
22 0 0
0 0 1
1 34078 0
23 0 0
0 0 1
1 -15588 0
24 0 0
0 0 1
1 -24722 0
25 0 0
0 0 1
1 15980 0
26 0 0
0 0 1
1 40876 0
27 0 0
0 0 1
1 19450 0
28 0 0
0 0 1
1 5118 0
29 0 0
0 0 1
1 25906 0
30 0 0
0 0 1
1 17423 0
-1 0 0
