91
1 0 0
0 0 1
1 2.54569e+07 0
2 0 0
0 0 1
1 2.29535e+07 0
3 0 0
0 0 1
1 2.05463e+07 0
4 0 0
0 0 1
1 1.81067e+07 0
5 0 0
0 0 1
1 1.57065e+07 0
6 0 0
0 0 1
1 1.35659e+07 0
7 0 0
0 0 1
1 1.18057e+07 0
8 0 0
0 0 1
1 1.03776e+07 0
9 0 0
0 0 1
1 9.18106e+06 0
10 0 0
0 0 1
1 8.14381e+06 0
11 0 0
0 0 1
1 7.21046e+06 0
12 0 0
0 0 1
1 6.34204e+06 0
13 0 0
0 0 1
1 5.54438e+06 0
14 0 0
0 0 1
1 4.85279e+06 0
15 0 0
0 0 1
1 4.27492e+06 0
16 0 0
0 0 1
1 3.76963e+06 0
17 0 0
0 0 1
1 3.28635e+06 0
18 0 0
0 0 1
1 2.81256e+06 0
19 0 0
0 0 1
1 2.38103e+06 0
20 0 0
0 0 1
1 2.03311e+06 0
21 0 0
0 0 1
1 1.77117e+06 0
22 0 0
0 0 1
1 1.55239e+06 0
23 0 0
0 0 1
1 1.33963e+06 0
24 0 0
0 0 1
1 1.14665e+06 0
25 0 0
0 0 1
1 1.00968e+06 0
26 0 0
0 0 1
1 924639 0
27 0 0
0 0 1
1 847884 0
28 0 0
0 0 1
1 758636 0
29 0 0
0 0 1
1 681907 0
30 0 0
0 0 1
1 638872 0
-1 0 0
