91
1 0 0
0 0 1
1 2.82879e+06 0
2 0 0
0 0 1
1 2.21853e+06 0
3 0 0
0 0 1
1 1.52368e+06 0
4 0 0
0 0 1
1 1.00496e+06 0
5 0 0
0 0 1
1 685456 0
6 0 0
0 0 1
1 469471 0
7 0 0
0 0 1
1 306320 0
8 0 0
0 0 1
1 197575 0
9 0 0
0 0 1
1 129008 0
10 0 0
0 0 1
1 70622 0
11 0 0
0 0 1
1 18087 0
12 0 0
0 0 1
1 -14290 0
13 0 0
0 0 1
1 -28484 0
14 0 0
0 0 1
1 -38669 0
15 0 0
0 0 1
1 -46039 0
16 0 0
0 0 1
1 -45448 0
17 0 0
0 0 1
1 -46177 0
18 0 0
0 0 1
1 -61605 0
19 0 0
0 0 1
1 -86561 0
20 0 0
0 0 1
1 -105579 0
21 0 0
0 0 1
1 -116230 0
22 0 0
0 0 1
1 -126267 0
23 0 0
0 0 1
1 -135552 0
24 0 0
0 0 1
1 -138744 0
25 0 0
0 0 1
1 -139509 0
26 0 0
0 0 1
1 -145079 0
27 0 0
0 0 1
1 -151805 0
28 0 0
0 0 1
1 -151643 0
29 0 0
0 0 1
1 -148139 0
30 0 0
0 0 1
1 -150791 0
-1 0 0
