91
1 0 0
0 0 1
1 6.77964e+07 0
2 0 0
0 0 1
1 5.57668e+07 0
3 0 0
0 0 1
1 4.22003e+07 0
4 0 0
0 0 1
1 3.01949e+07 0
5 0 0
0 0 1
1 2.10172e+07 0
6 0 0
0 0 1
1 1.48245e+07 0
7 0 0
0 0 1
1 1.09449e+07 0
8 0 0
0 0 1
1 8.31408e+06 0
9 0 0
0 0 1
1 6.27148e+06 0
10 0 0
0 0 1
1 4.75305e+06 0
11 0 0
0 0 1
1 3.74409e+06 0
12 0 0
0 0 1
1 3.07752e+06 0
13 0 0
0 0 1
1 2.8001e+06 0
14 0 0
0 0 1
1 3.09456e+06 0
15 0 0
0 0 1
1 3.65351e+06 0
16 0 0
0 0 1
1 3.72184e+06 0
17 0 0
0 0 1
1 3.02177e+06 0
18 0 0
0 0 1
1 2.11578e+06 0
19 0 0
0 0 1
1 1.57969e+06 0
20 0 0
0 0 1
1 1.32507e+06 0
21 0 0
0 0 1
1 1.05004e+06 0
22 0 0
0 0 1
1 836474 0
23 0 0
0 0 1
1 867323 0
24 0 0
0 0 1
1 969007 0
25 0 0
0 0 1
1 895819 0
26 0 0
0 0 1
1 751713 0
27 0 0
0 0 1
1 716163 0
28 0 0
0 0 1
1 667716 0
29 0 0
0 0 1
1 501181 0
30 0 0
0 0 1
1 486864 0
-1 0 0
