91
1 0 0
0 0 1
1 2.48704e+08 0
2 0 0
0 0 1
1 2.01307e+08 0
3 0 0
0 0 1
1 1.65053e+08 0
4 0 0
0 0 1
1 1.29291e+08 0
5 0 0
0 0 1
1 8.48243e+07 0
6 0 0
0 0 1
1 4.43004e+07 0
7 0 0
0 0 1
1 2.40165e+07 0
8 0 0
0 0 1
1 1.99345e+07 0
9 0 0
0 0 1
1 1.59379e+07 0
10 0 0
0 0 1
1 7.43975e+06 0
11 0 0
0 0 1
1 2.46842e+06 0
12 0 0
0 0 1
1 4.04318e+06 0
13 0 0
0 0 1
1 5.81565e+06 0
14 0 0
0 0 1
1 4.49938e+06 0
15 0 0
0 0 1
1 4.17386e+06 0
16 0 0
0 0 1
1 6.56196e+06 0
17 0 0
0 0 1
1 7.23964e+06 0
18 0 0
0 0 1
1 4.1936e+06 0
19 0 0
0 0 1
1 1.67032e+06 0
20 0 0
0 0 1
1 2.37744e+06 0
21 0 0
0 0 1
1 3.02334e+06 0
22 0 0
0 0 1
1 936558 0
23 0 0
0 0 1
1 -1.14316e+06 0
24 0 0
0 0 1
1 -474315 0
25 0 0
0 0 1
1 843185 0
26 0 0
0 0 1
1 154260 0
27 0 0
0 0 1
1 -1.11184e+06 0
28 0 0
0 0 1
1 -766350 0
29 0 0
0 0 1
1 -25546 0
30 0 0
0 0 1
1 -747101 0
-1 0 0
