91
1 0 0
0 0 1
1 1.22903e+08 0
2 0 0
0 0 1
1 1.08307e+08 0
3 0 0
0 0 1
1 9.15972e+07 0
4 0 0
0 0 1
1 7.499e+07 0
5 0 0
0 0 1
1 6.0119e+07 0
6 0 0
0 0 1
1 4.78645e+07 0
7 0 0
0 0 1
1 3.84284e+07 0
8 0 0
0 0 1
1 3.15418e+07 0
9 0 0
0 0 1
1 2.66862e+07 0
10 0 0
0 0 1
1 2.32547e+07 0
11 0 0
0 0 1
1 2.06488e+07 0
12 0 0
0 0 1
1 1.83442e+07 0
13 0 0
0 0 1
1 1.59598e+07 0
14 0 0
0 0 1
1 1.33284e+07 0
15 0 0
0 0 1
1 1.05347e+07 0
16 0 0
0 0 1
1 7.87831e+06 0
17 0 0
0 0 1
1 5.75008e+06 0
18 0 0
0 0 1
1 4.4607e+06 0
19 0 0
0 0 1
1 4.09732e+06 0
20 0 0
0 0 1
1 4.48163e+06 0
21 0 0
0 0 1
1 5.25665e+06 0
22 0 0
0 0 1
1 6.0614e+06 0
23 0 0
0 0 1
1 6.70231e+06 0
24 0 0
0 0 1
1 7.22694e+06 0
25 0 0
0 0 1
1 7.85588e+06 0
26 0 0
0 0 1
1 8.8063e+06 0
27 0 0
0 0 1
1 1.01051e+07 0
28 0 0
0 0 1
1 1.15015e+07 0
29 0 0
0 0 1
1 1.25409e+07 0
30 0 0
0 0 1
1 1.27757e+07 0
-1 0 0
