91
1 0 0
0 0 1
1 587559 0
2 0 0
0 0 1
1 485891 0
3 0 0
0 0 1
1 405423 0
4 0 0
0 0 1
1 344233 0
5 0 0
0 0 1
1 290058 0
6 0 0
0 0 1
1 250284 0
7 0 0
0 0 1
1 238629 0
8 0 0
0 0 1
1 245366 0
9 0 0
0 0 1
1 245564 0
10 0 0
0 0 1
1 230888 0
11 0 0
0 0 1
1 213167 0
12 0 0
0 0 1
1 202244 0
13 0 0
0 0 1
1 198501 0
14 0 0
0 0 1
1 201080 0
15 0 0
0 0 1
1 205091 0
16 0 0
0 0 1
1 196198 0
17 0 0
0 0 1
1 166340 0
18 0 0
0 0 1
1 131787 0
19 0 0
0 0 1
1 119473 0
20 0 0
0 0 1
1 137128 0
21 0 0
0 0 1
1 168072 0
22 0 0
0 0 1
1 189995 0
23 0 0
0 0 1
1 189234 0
24 0 0
0 0 1
1 167141 0
25 0 0
0 0 1
1 144532 0
26 0 0
0 0 1
1 146897 0
27 0 0
0 0 1
1 171083 0
28 0 0
0 0 1
1 182695 0
29 0 0
0 0 1
1 163913 0
30 0 0
0 0 1
1 143194 0
-1 0 0
