91
1 0 0
0 0 1
1 1.61171e+07 0
2 0 0
0 0 1
1 1.30842e+07 0
3 0 0
0 0 1
1 1.0725e+07 0
4 0 0
0 0 1
1 8.74851e+06 0
5 0 0
0 0 1
1 6.84943e+06 0
6 0 0
0 0 1
1 5.22082e+06 0
7 0 0
0 0 1
1 4.06921e+06 0
8 0 0
0 0 1
1 3.21305e+06 0
9 0 0
0 0 1
1 2.37708e+06 0
10 0 0
0 0 1
1 1.5667e+06 0
11 0 0
0 0 1
1 950710 0
12 0 0
0 0 1
1 575169 0
13 0 0
0 0 1
1 365490 0
14 0 0
0 0 1
1 271819 0
15 0 0
0 0 1
1 257926 0
16 0 0
0 0 1
1 234474 0
17 0 0
0 0 1
1 131536 0
18 0 0
0 0 1
1 -12333 0
19 0 0
0 0 1
1 -119832 0
20 0 0
0 0 1
1 -186719 0
21 0 0
0 0 1
1 -257123 0
22 0 0
0 0 1
1 -336349 0
23 0 0
0 0 1
1 -394534 0
24 0 0
0 0 1
1 -423271 0
25 0 0
0 0 1
1 -436477 0
26 0 0
0 0 1
1 -441737 0
27 0 0
0 0 1
1 -446815 0
28 0 0
0 0 1
1 -465409 0
29 0 0
0 0 1
1 -490016 0
30 0 0
0 0 1
1 -492728 0
-1 0 0
