91
1 0 0
0 0 1
1 1.12245e+07 0
2 0 0
0 0 1
1 9.15789e+06 0
3 0 0
0 0 1
1 7.10608e+06 0
4 0 0
0 0 1
1 5.4945e+06 0
5 0 0
0 0 1
1 4.37693e+06 0
6 0 0
0 0 1
1 3.58512e+06 0
7 0 0
0 0 1
1 3.00002e+06 0
8 0 0
0 0 1
1 2.5978e+06 0
9 0 0
0 0 1
1 2.32545e+06 0
10 0 0
0 0 1
1 2.08379e+06 0
11 0 0
0 0 1
1 1.83281e+06 0
12 0 0
0 0 1
1 1.61187e+06 0
13 0 0
0 0 1
1 1.4473e+06 0
14 0 0
0 0 1
1 1.31738e+06 0
15 0 0
0 0 1
1 1.20855e+06 0
16 0 0
0 0 1
1 1.12923e+06 0
17 0 0
0 0 1
1 1.06068e+06 0
18 0 0
0 0 1
1 964224 0
19 0 0
0 0 1
1 848957 0
20 0 0
0 0 1
1 770213 0
21 0 0
0 0 1
1 747367 0
22 0 0
0 0 1
1 737683 0
23 0 0
0 0 1
1 703615 0
24 0 0
0 0 1
1 654566 0
25 0 0
0 0 1
1 609211 0
26 0 0
0 0 1
1 565510 0
27 0 0
0 0 1
1 524645 0
28 0 0
0 0 1
1 502431 0
29 0 0
0 0 1
1 499733 0
30 0 0
0 0 1
1 496051 0
-1 0 0
