91
1 0 0
0 0 1
1 4.11104e+08 0
2 0 0
0 0 1
1 3.3592e+08 0
3 0 0
0 0 1
1 2.59218e+08 0
4 0 0
0 0 1
1 1.99353e+08 0
5 0 0
0 0 1
1 1.47546e+08 0
6 0 0
0 0 1
1 1.05771e+08 0
7 0 0
0 0 1
1 7.38181e+07 0
8 0 0
0 0 1
1 5.13786e+07 0
9 0 0
0 0 1
1 3.59484e+07 0
10 0 0
0 0 1
1 2.68802e+07 0
11 0 0
0 0 1
1 2.17375e+07 0
12 0 0
0 0 1
1 1.94356e+07 0
13 0 0
0 0 1
1 1.87417e+07 0
14 0 0
0 0 1
1 1.93086e+07 0
15 0 0
0 0 1
1 1.94521e+07 0
16 0 0
0 0 1
1 1.82874e+07 0
17 0 0
0 0 1
1 1.56958e+07 0
18 0 0
0 0 1
1 1.3042e+07 0
19 0 0
0 0 1
1 1.07733e+07 0
20 0 0
0 0 1
1 8.98818e+06 0
21 0 0
0 0 1
1 7.36273e+06 0
22 0 0
0 0 1
1 6.15183e+06 0
23 0 0
0 0 1
1 5.12964e+06 0
24 0 0
0 0 1
1 4.43261e+06 0
25 0 0
0 0 1
1 3.83223e+06 0
26 0 0
0 0 1
1 3.4695e+06 0
27 0 0
0 0 1
1 3.10428e+06 0
28 0 0
0 0 1
1 2.85352e+06 0
29 0 0
0 0 1
1 2.58952e+06 0
30 0 0
0 0 1
1 2.44485e+06 0
-1 0 0
