91
1 0 0
0 0 1
1 2.15396e+07 0
2 0 0
0 0 1
1 1.8187e+07 0
3 0 0
0 0 1
1 1.41716e+07 0
4 0 0
0 0 1
1 1.06431e+07 0
5 0 0
0 0 1
1 7.95191e+06 0
6 0 0
0 0 1
1 5.8861e+06 0
7 0 0
0 0 1
1 4.28826e+06 0
8 0 0
0 0 1
1 3.19989e+06 0
9 0 0
0 0 1
1 2.57942e+06 0
10 0 0
0 0 1
1 2.20828e+06 0
11 0 0
0 0 1
1 1.91592e+06 0
12 0 0
0 0 1
1 1.70642e+06 0
13 0 0
0 0 1
1 1.61322e+06 0
14 0 0
0 0 1
1 1.5749e+06 0
15 0 0
0 0 1
1 1.51627e+06 0
16 0 0
0 0 1
1 1.44027e+06 0
17 0 0
0 0 1
1 1.36884e+06 0
18 0 0
0 0 1
1 1.27067e+06 0
19 0 0
0 0 1
1 1.1139e+06 0
20 0 0
0 0 1
1 934769 0
21 0 0
0 0 1
1 793066 0
22 0 0
0 0 1
1 695080 0
23 0 0
0 0 1
1 608299 0
24 0 0
0 0 1
1 522915 0
25 0 0
0 0 1
1 455339 0
26 0 0
0 0 1
1 410417 0
27 0 0
0 0 1
1 376129 0
28 0 0
0 0 1
1 344697 0
29 0 0
0 0 1
1 315656 0
30 0 0
0 0 1
1 289075 0
-1 0 0
