91
1 0 0
0 0 1
1 4.24966e+08 0
2 0 0
0 0 1
1 3.39444e+08 0
3 0 0
0 0 1
1 2.23309e+08 0
4 0 0
0 0 1
1 1.39535e+08 0
5 0 0
0 0 1
1 8.90499e+07 0
6 0 0
0 0 1
1 5.85708e+07 0
7 0 0
0 0 1
1 3.9292e+07 0
8 0 0
0 0 1
1 2.73077e+07 0
9 0 0
0 0 1
1 1.96193e+07 0
10 0 0
0 0 1
1 1.52423e+07 0
11 0 0
0 0 1
1 1.26996e+07 0
12 0 0
0 0 1
1 1.19243e+07 0
13 0 0
0 0 1
1 1.21888e+07 0
14 0 0
0 0 1
1 1.35148e+07 0
15 0 0
0 0 1
1 1.46559e+07 0
16 0 0
0 0 1
1 1.47173e+07 0
17 0 0
0 0 1
1 1.32307e+07 0
18 0 0
0 0 1
1 1.05115e+07 0
19 0 0
0 0 1
1 7.35234e+06 0
20 0 0
0 0 1
1 5.30236e+06 0
21 0 0
0 0 1
1 3.90392e+06 0
22 0 0
0 0 1
1 3.09954e+06 0
23 0 0
0 0 1
1 2.44247e+06 0
24 0 0
0 0 1
1 2.05332e+06 0
25 0 0
0 0 1
1 1.67881e+06 0
26 0 0
0 0 1
1 1.45044e+06 0
27 0 0
0 0 1
1 1.2077e+06 0
28 0 0
0 0 1
1 1.10285e+06 0
29 0 0
0 0 1
1 954693 0
30 0 0
0 0 1
1 883996 0
-1 0 0
