91
1 0 0
0 0 1
1 1.03132e+07 0
2 0 0
0 0 1
1 8.60511e+06 0
3 0 0
0 0 1
1 6.80851e+06 0
4 0 0
0 0 1
1 5.16119e+06 0
5 0 0
0 0 1
1 3.76276e+06 0
6 0 0
0 0 1
1 2.71384e+06 0
7 0 0
0 0 1
1 2.02545e+06 0
8 0 0
0 0 1
1 1.57003e+06 0
9 0 0
0 0 1
1 1.22432e+06 0
10 0 0
0 0 1
1 971752 0
11 0 0
0 0 1
1 816240 0
12 0 0
0 0 1
1 700457 0
13 0 0
0 0 1
1 578811 0
14 0 0
0 0 1
1 488363 0
15 0 0
0 0 1
1 471966 0
16 0 0
0 0 1
1 488293 0
17 0 0
0 0 1
1 465292 0
18 0 0
0 0 1
1 397681 0
19 0 0
0 0 1
1 328406 0
20 0 0
0 0 1
1 269463 0
21 0 0
0 0 1
1 203297 0
22 0 0
0 0 1
1 138059 0
23 0 0
0 0 1
1 101419 0
24 0 0
0 0 1
1 89719 0
25 0 0
0 0 1
1 72125 0
26 0 0
0 0 1
1 40611 0
27 0 0
0 0 1
1 16521 0
28 0 0
0 0 1
1 12123 0
29 0 0
0 0 1
1 20099 0
30 0 0
0 0 1
1 36333 0
-1 0 0
