91
1 0 0
0 0 1
1 2.28917e+06 0
2 0 0
0 0 1
1 1.69025e+06 0
3 0 0
0 0 1
1 1.18678e+06 0
4 0 0
0 0 1
1 913453 0
5 0 0
0 0 1
1 763276 0
6 0 0
0 0 1
1 597917 0
7 0 0
0 0 1
1 426864 0
8 0 0
0 0 1
1 327562 0
9 0 0
0 0 1
1 297035 0
10 0 0
0 0 1
1 276907 0
11 0 0
0 0 1
1 253085 0
12 0 0
0 0 1
1 238926 0
13 0 0
0 0 1
1 218767 0
14 0 0
0 0 1
1 194080 0
15 0 0
0 0 1
1 223368 0
16 0 0
0 0 1
1 322547 0
17 0 0
0 0 1
1 388345 0
18 0 0
0 0 1
1 329819 0
19 0 0
0 0 1
1 222177 0
20 0 0
0 0 1
1 207627 0
21 0 0
0 0 1
1 286582 0
22 0 0
0 0 1
1 345437 0
23 0 0
0 0 1
1 364012 0
24 0 0
0 0 1
1 432840 0
25 0 0
0 0 1
1 551458 0
26 0 0
0 0 1
1 578145 0
27 0 0
0 0 1
1 447461 0
28 0 0
0 0 1
1 299131 0
29 0 0
0 0 1
1 290185 0
30 0 0
0 0 1
1 376254 0
-1 0 0
