91
1 0 0
0 0 1
1 3.97767e+08 0
2 0 0
0 0 1
1 3.23311e+08 0
3 0 0
0 0 1
1 2.42338e+08 0
4 0 0
0 0 1
1 1.80762e+08 0
5 0 0
0 0 1
1 1.29501e+08 0
6 0 0
0 0 1
1 8.02774e+07 0
7 0 0
0 0 1
1 4.47891e+07 0
8 0 0
0 0 1
1 3.11541e+07 0
9 0 0
0 0 1
1 2.66522e+07 0
10 0 0
0 0 1
1 1.72414e+07 0
11 0 0
0 0 1
1 6.94894e+06 0
12 0 0
0 0 1
1 5.06671e+06 0
13 0 0
0 0 1
1 8.03126e+06 0
14 0 0
0 0 1
1 7.3307e+06 0
15 0 0
0 0 1
1 4.74036e+06 0
16 0 0
0 0 1
1 6.47456e+06 0
17 0 0
0 0 1
1 9.87375e+06 0
18 0 0
0 0 1
1 8.22946e+06 0
19 0 0
0 0 1
1 3.27966e+06 0
20 0 0
0 0 1
1 1.64225e+06 0
21 0 0
0 0 1
1 2.93931e+06 0
22 0 0
0 0 1
1 1.76064e+06 0
23 0 0
0 0 1
1 -1.70195e+06 0
24 0 0
0 0 1
1 -2.61511e+06 0
25 0 0
0 0 1
1 -917539 0
26 0 0
0 0 1
1 -931090 0
27 0 0
0 0 1
1 -2.9576e+06 0
28 0 0
0 0 1
1 -3.28628e+06 0
29 0 0
0 0 1
1 -1.69494e+06 0
30 0 0
0 0 1
1 -1.59347e+06 0
-1 0 0
