91
1 0 0
0 0 1
1 2.01838e+07 0
2 0 0
0 0 1
1 1.45924e+07 0
3 0 0
0 0 1
1 8.4637e+06 0
4 0 0
0 0 1
1 4.14953e+06 0
5 0 0
0 0 1
1 1.83188e+06 0
6 0 0
0 0 1
1 631842 0
7 0 0
0 0 1
1 8563 0
8 0 0
0 0 1
1 -194954 0
9 0 0
0 0 1
1 -210317 0
10 0 0
0 0 1
1 -229363 0
11 0 0
0 0 1
1 -158206 0
12 0 0
0 0 1
1 113854 0
13 0 0
0 0 1
1 384099 0
14 0 0
0 0 1
1 353467 0
15 0 0
0 0 1
1 54118 0
16 0 0
0 0 1
1 -167140 0
17 0 0
0 0 1
1 -83695 0
18 0 0
0 0 1
1 108331 0
19 0 0
0 0 1
1 -17936 0
20 0 0
0 0 1
1 -602696 0
21 0 0
0 0 1
1 -1.24692e+06 0
22 0 0
0 0 1
1 -1.43232e+06 0
23 0 0
0 0 1
1 -1.1487e+06 0
24 0 0
0 0 1
1 -838628 0
25 0 0
0 0 1
1 -736107 0
26 0 0
0 0 1
1 -667458 0
27 0 0
0 0 1
1 -580853 0
28 0 0
0 0 1
1 -727275 0
29 0 0
0 0 1
1 -1.06316e+06 0
30 0 0
0 0 1
1 -1.06256e+06 0
-1 0 0
