91
1 0 0
0 0 1
1 3.84376e+08 0
2 0 0
0 0 1
1 2.99131e+08 0
3 0 0
0 0 1
1 2.02901e+08 0
4 0 0
0 0 1
1 1.31178e+08 0
5 0 0
0 0 1
1 8.75364e+07 0
6 0 0
0 0 1
1 5.91823e+07 0
7 0 0
0 0 1
1 3.89927e+07 0
8 0 0
0 0 1
1 2.68581e+07 0
9 0 0
0 0 1
1 2.05231e+07 0
10 0 0
0 0 1
1 1.55115e+07 0
11 0 0
0 0 1
1 1.10466e+07 0
12 0 0
0 0 1
1 9.28001e+06 0
13 0 0
0 0 1
1 1.00722e+07 0
14 0 0
0 0 1
1 1.11051e+07 0
15 0 0
0 0 1
1 1.16788e+07 0
16 0 0
0 0 1
1 1.23968e+07 0
17 0 0
0 0 1
1 1.22779e+07 0
18 0 0
0 0 1
1 9.79163e+06 0
19 0 0
0 0 1
1 5.98068e+06 0
20 0 0
0 0 1
1 3.44496e+06 0
21 0 0
0 0 1
1 2.77296e+06 0
22 0 0
0 0 1
1 2.53178e+06 0
23 0 0
0 0 1
1 2.07476e+06 0
24 0 0
0 0 1
1 1.87827e+06 0
25 0 0
0 0 1
1 1.73634e+06 0
26 0 0
0 0 1
1 1.00923e+06 0
27 0 0
0 0 1
1 185958 0
28 0 0
0 0 1
1 81335 0
29 0 0
0 0 1
1 69182 0
30 0 0
0 0 1
1 -799114 0
-1 0 0
