91
1 0 0
0 0 1
1 1.68773e+06 0
2 0 0
0 0 1
1 1.39298e+06 0
3 0 0
0 0 1
1 1.11388e+06 0
4 0 0
0 0 1
1 879306 0
5 0 0
0 0 1
1 692508 0
6 0 0
0 0 1
1 548015 0
7 0 0
0 0 1
1 439162 0
8 0 0
0 0 1
1 358460 0
9 0 0
0 0 1
1 298581 0
10 0 0
0 0 1
1 254138 0
11 0 0
0 0 1
1 221491 0
12 0 0
0 0 1
1 197524 0
13 0 0
0 0 1
1 179500 0
14 0 0
0 0 1
1 165354 0
15 0 0
0 0 1
1 153119 0
16 0 0
0 0 1
1 140452 0
17 0 0
0 0 1
1 125534 0
18 0 0
0 0 1
1 108468 0
19 0 0
0 0 1
1 91169 0
20 0 0
0 0 1
1 75648 0
21 0 0
0 0 1
1 62516 0
22 0 0
0 0 1
1 51212 0
23 0 0
0 0 1
1 41300 0
24 0 0
0 0 1
1 33154 0
25 0 0
0 0 1
1 27318 0
26 0 0
0 0 1
1 23643 0
27 0 0
0 0 1
1 21309 0
28 0 0
0 0 1
1 19405 0
29 0 0
0 0 1
1 17245 0
30 0 0
0 0 1
1 14489 0
-1 0 0
