91
1 0 0
0 0 1
1 490822 0
2 0 0
0 0 1
1 393373 0
3 0 0
0 0 1
1 317237 0
4 0 0
0 0 1
1 271464 0
5 0 0
0 0 1
1 223086 0
6 0 0
0 0 1
1 159520 0
7 0 0
0 0 1
1 105178 0
8 0 0
0 0 1
1 80394 0
9 0 0
0 0 1
1 74587 0
10 0 0
0 0 1
1 68461 0
11 0 0
0 0 1
1 61094 0
12 0 0
0 0 1
1 61552 0
13 0 0
0 0 1
1 67081 0
14 0 0
0 0 1
1 65268 0
15 0 0
0 0 1
1 53080 0
16 0 0
0 0 1
1 40610 0
17 0 0
0 0 1
1 35453 0
18 0 0
0 0 1
1 33056 0
19 0 0
0 0 1
1 26005 0
20 0 0
0 0 1
1 16183 0
21 0 0
0 0 1
1 11534 0
22 0 0
0 0 1
1 12563 0
23 0 0
0 0 1
1 8577 0
24 0 0
0 0 1
1 -8462 0
25 0 0
0 0 1
1 -28138 0
26 0 0
0 0 1
1 -26319 0
27 0 0
0 0 1
1 8436 0
28 0 0
0 0 1
1 54602 0
29 0 0
0 0 1
1 71651 0
30 0 0
0 0 1
1 40025 0
-1 0 0
