91
1 0 0
0 0 1
1 4.62943e+08 0
2 0 0
0 0 1
1 3.77499e+08 0
3 0 0
0 0 1
1 2.90752e+08 0
4 0 0
0 0 1
1 2.12942e+08 0
5 0 0
0 0 1
1 1.49431e+08 0
6 0 0
0 0 1
1 1.03916e+08 0
7 0 0
0 0 1
1 7.49358e+07 0
8 0 0
0 0 1
1 5.6282e+07 0
9 0 0
0 0 1
1 4.29823e+07 0
10 0 0
0 0 1
1 3.39363e+07 0
11 0 0
0 0 1
1 2.87121e+07 0
12 0 0
0 0 1
1 2.55279e+07 0
13 0 0
0 0 1
1 2.32579e+07 0
14 0 0
0 0 1
1 2.23318e+07 0
15 0 0
0 0 1
1 2.24454e+07 0
16 0 0
0 0 1
1 2.17074e+07 0
17 0 0
0 0 1
1 1.91046e+07 0
18 0 0
0 0 1
1 1.58247e+07 0
19 0 0
0 0 1
1 1.31539e+07 0
20 0 0
0 0 1
1 1.08145e+07 0
21 0 0
0 0 1
1 8.3093e+06 0
22 0 0
0 0 1
1 6.23905e+06 0
23 0 0
0 0 1
1 5.18208e+06 0
24 0 0
0 0 1
1 4.57835e+06 0
25 0 0
0 0 1
1 3.74842e+06 0
26 0 0
0 0 1
1 2.93851e+06 0
27 0 0
0 0 1
1 2.49973e+06 0
28 0 0
0 0 1
1 2.0778e+06 0
29 0 0
0 0 1
1 1.44488e+06 0
30 0 0
0 0 1
1 1.14472e+06 0
-1 0 0
