91
1 0 0
0 0 1
1 1.98576e+07 0
2 0 0
0 0 1
1 1.69034e+07 0
3 0 0
0 0 1
1 1.39239e+07 0
4 0 0
0 0 1
1 1.11506e+07 0
5 0 0
0 0 1
1 8.7652e+06 0
6 0 0
0 0 1
1 6.9214e+06 0
7 0 0
0 0 1
1 5.59414e+06 0
8 0 0
0 0 1
1 4.6162e+06 0
9 0 0
0 0 1
1 3.86026e+06 0
10 0 0
0 0 1
1 3.2893e+06 0
11 0 0
0 0 1
1 2.86863e+06 0
12 0 0
0 0 1
1 2.5426e+06 0
13 0 0
0 0 1
1 2.29412e+06 0
14 0 0
0 0 1
1 2.13669e+06 0
15 0 0
0 0 1
1 2.03686e+06 0
16 0 0
0 0 1
1 1.91246e+06 0
17 0 0
0 0 1
1 1.72152e+06 0
18 0 0
0 0 1
1 1.50033e+06 0
19 0 0
0 0 1
1 1.30127e+06 0
20 0 0
0 0 1
1 1.13617e+06 0
21 0 0
0 0 1
1 993513 0
22 0 0
0 0 1
1 871334 0
23 0 0
0 0 1
1 773047 0
24 0 0
0 0 1
1 694292 0
25 0 0
0 0 1
1 629038 0
26 0 0
0 0 1
1 574248 0
27 0 0
0 0 1
1 523139 0
28 0 0
0 0 1
1 468687 0
29 0 0
0 0 1
1 416105 0
30 0 0
0 0 1
1 377118 0
-1 0 0
