91
1 0 0
0 0 1
1 2.30294e+07 0
2 0 0
0 0 1
1 1.99438e+07 0
3 0 0
0 0 1
1 1.70477e+07 0
4 0 0
0 0 1
1 1.46667e+07 0
5 0 0
0 0 1
1 1.28533e+07 0
6 0 0
0 0 1
1 1.14889e+07 0
7 0 0
0 0 1
1 1.04428e+07 0
8 0 0
0 0 1
1 9.62585e+06 0
9 0 0
0 0 1
1 8.96136e+06 0
10 0 0
0 0 1
1 8.3921e+06 0
11 0 0
0 0 1
1 7.91904e+06 0
12 0 0
0 0 1
1 7.58547e+06 0
13 0 0
0 0 1
1 7.41719e+06 0
14 0 0
0 0 1
1 7.40309e+06 0
15 0 0
0 0 1
1 7.51791e+06 0
16 0 0
0 0 1
1 7.72224e+06 0
17 0 0
0 0 1
1 7.94901e+06 0
18 0 0
0 0 1
1 8.13882e+06 0
19 0 0
0 0 1
1 8.29997e+06 0
20 0 0
0 0 1
1 8.50461e+06 0
21 0 0
0 0 1
1 8.81974e+06 0
22 0 0
0 0 1
1 9.26194e+06 0
23 0 0
0 0 1
1 9.81223e+06 0
24 0 0
0 0 1
1 1.04448e+07 0
25 0 0
0 0 1
1 1.11395e+07 0
26 0 0
0 0 1
1 1.18794e+07 0
27 0 0
0 0 1
1 1.26086e+07 0
28 0 0
0 0 1
1 1.31483e+07 0
29 0 0
0 0 1
1 1.31863e+07 0
30 0 0
0 0 1
1 1.24492e+07 0
-1 0 0
