91
1 0 0
0 0 1
1 6.73937e+07 0
2 0 0
0 0 1
1 5.57605e+07 0
3 0 0
0 0 1
1 4.53207e+07 0
4 0 0
0 0 1
1 3.71013e+07 0
5 0 0
0 0 1
1 2.9146e+07 0
6 0 0
0 0 1
1 2.13205e+07 0
7 0 0
0 0 1
1 1.54871e+07 0
8 0 0
0 0 1
1 1.22242e+07 0
9 0 0
0 0 1
1 1.00947e+07 0
10 0 0
0 0 1
1 8.11098e+06 0
11 0 0
0 0 1
1 6.78037e+06 0
12 0 0
0 0 1
1 6.34615e+06 0
13 0 0
0 0 1
1 5.85376e+06 0
14 0 0
0 0 1
1 4.74859e+06 0
15 0 0
0 0 1
1 3.94134e+06 0
16 0 0
0 0 1
1 4.26351e+06 0
17 0 0
0 0 1
1 4.9319e+06 0
18 0 0
0 0 1
1 4.65767e+06 0
19 0 0
0 0 1
1 3.51216e+06 0
20 0 0
0 0 1
1 2.53337e+06 0
21 0 0
0 0 1
1 2.01973e+06 0
22 0 0
0 0 1
1 1.46584e+06 0
23 0 0
0 0 1
1 926830 0
24 0 0
0 0 1
1 1.10176e+06 0
25 0 0
0 0 1
1 1.91022e+06 0
26 0 0
0 0 1
1 2.20501e+06 0
27 0 0
0 0 1
1 1.38422e+06 0
28 0 0
0 0 1
1 332607 0
29 0 0
0 0 1
1 133939 0
30 0 0
0 0 1
1 606651 0
-1 0 0
