91
1 0 0
0 0 1
1 507380 0
2 0 0
0 0 1
1 399669 0
3 0 0
0 0 1
1 285866 0
4 0 0
0 0 1
1 199255 0
5 0 0
0 0 1
1 134036 0
6 0 0
0 0 1
1 87655 0
7 0 0
0 0 1
1 69154 0
8 0 0
0 0 1
1 67935 0
9 0 0
0 0 1
1 56573 0
10 0 0
0 0 1
1 34516 0
11 0 0
0 0 1
1 32580 0
12 0 0
0 0 1
1 59599 0
13 0 0
0 0 1
1 79968 0
14 0 0
0 0 1
1 66065 0
15 0 0
0 0 1
1 40959 0
16 0 0
0 0 1
1 39350 0
17 0 0
0 0 1
1 51845 0
18 0 0
0 0 1
1 44095 0
19 0 0
0 0 1
1 14746 0
20 0 0
0 0 1
1 -4615 0
21 0 0
0 0 1
1 -1410 0
22 0 0
0 0 1
1 2615 0
23 0 0
0 0 1
1 -9412 0
24 0 0
0 0 1
1 -25703 0
25 0 0
0 0 1
1 -28539 0
26 0 0
0 0 1
1 -17028 0
27 0 0
0 0 1
1 354 0
28 0 0
0 0 1
1 16800 0
29 0 0
0 0 1
1 24522 0
30 0 0
0 0 1
1 17526 0
-1 0 0
