DU=C:/Bruker/XWIN-NMR, USER=cui, NAME=expnmr_00196, EXPNO=1, PROCNO=1
F1=7.973ppm, F2=2.773ppm, MI=0.50cm, MAXI=36.00cm, PC=4.000
     #     ADDRESS            FREQUENCY         INTENSITY
                           [Hz]        [PPM]
     1      8629.3     3087.519       7.7163         5.07
     2      8683.2     3079.605       7.6965         5.51
     3      8990.1     3034.580       7.5840         5.19
     4      9045.8     3026.407       7.5636         6.09
     5      9679.7     2933.404       7.3311        12.50
     6      9719.0     2927.635       7.3167         5.33
     7      9770.2     2920.122       7.2979         3.20
     8      9909.6     2899.668       7.2468         3.63
     9      9962.0     2891.979       7.2276         5.33
    10     10011.5     2884.723       7.2095         2.37
    11     20537.7     1340.330       3.3497         4.64
    12     20586.1     1333.216       3.3320        11.82
    13     20633.2     1326.310       3.3147         7.52
    14     20961.3     1278.179       3.1944         6.57
    15     21008.6     1271.228       3.1770        10.37
    16     21056.6     1264.186       3.1594         4.34
