91
1 0 0
0 0 1
1 1.42628e+07 0
2 0 0
0 0 1
1 1.17348e+07 0
3 0 0
0 0 1
1 9.55603e+06 0
4 0 0
0 0 1
1 7.64123e+06 0
5 0 0
0 0 1
1 5.67877e+06 0
6 0 0
0 0 1
1 3.97839e+06 0
7 0 0
0 0 1
1 2.99379e+06 0
8 0 0
0 0 1
1 2.43388e+06 0
9 0 0
0 0 1
1 1.62183e+06 0
10 0 0
0 0 1
1 575021 0
11 0 0
0 0 1
1 5455 0
12 0 0
0 0 1
1 234470 0
13 0 0
0 0 1
1 726205 0
14 0 0
0 0 1
1 828676 0
15 0 0
0 0 1
1 507753 0
16 0 0
0 0 1
1 191150 0
17 0 0
0 0 1
1 225854 0
18 0 0
0 0 1
1 613721 0
19 0 0
0 0 1
1 1.04464e+06 0
20 0 0
0 0 1
1 1.14942e+06 0
21 0 0
0 0 1
1 903604 0
22 0 0
0 0 1
1 693432 0
23 0 0
0 0 1
1 760710 0
24 0 0
0 0 1
1 786619 0
25 0 0
0 0 1
1 379965 0
26 0 0
0 0 1
1 -258244 0
27 0 0
0 0 1
1 -664421 0
28 0 0
0 0 1
1 -899476 0
29 0 0
0 0 1
1 -1.32684e+06 0
30 0 0
0 0 1
1 -1.69409e+06 0
-1 0 0
