91
1 0 0
0 0 1
1 5.14652e+06 0
2 0 0
0 0 1
1 4.23695e+06 0
3 0 0
0 0 1
1 3.37819e+06 0
4 0 0
0 0 1
1 2.68646e+06 0
5 0 0
0 0 1
1 2.07532e+06 0
6 0 0
0 0 1
1 1.61824e+06 0
7 0 0
0 0 1
1 1.43121e+06 0
8 0 0
0 0 1
1 1.40044e+06 0
9 0 0
0 0 1
1 1.32234e+06 0
10 0 0
0 0 1
1 1.18059e+06 0
11 0 0
0 0 1
1 1.06687e+06 0
12 0 0
0 0 1
1 977558 0
13 0 0
0 0 1
1 889943 0
14 0 0
0 0 1
1 883158 0
15 0 0
0 0 1
1 984504 0
16 0 0
0 0 1
1 1.04498e+06 0
17 0 0
0 0 1
1 956433 0
18 0 0
0 0 1
1 842357 0
19 0 0
0 0 1
1 846489 0
20 0 0
0 0 1
1 888241 0
21 0 0
0 0 1
1 833052 0
22 0 0
0 0 1
1 765855 0
23 0 0
0 0 1
1 873172 0
24 0 0
0 0 1
1 1.15151e+06 0
25 0 0
0 0 1
1 1.44022e+06 0
26 0 0
0 0 1
1 1.67747e+06 0
27 0 0
0 0 1
1 1.94369e+06 0
28 0 0
0 0 1
1 2.29382e+06 0
29 0 0
0 0 1
1 2.68125e+06 0
30 0 0
0 0 1
1 2.99937e+06 0
-1 0 0
