91
1 0 0
0 0 1
1 4.66012e+08 0
2 0 0
0 0 1
1 3.69078e+08 0
3 0 0
0 0 1
1 2.62343e+08 0
4 0 0
0 0 1
1 1.76749e+08 0
5 0 0
0 0 1
1 1.17836e+08 0
6 0 0
0 0 1
1 7.86015e+07 0
7 0 0
0 0 1
1 5.27451e+07 0
8 0 0
0 0 1
1 3.56285e+07 0
9 0 0
0 0 1
1 2.57523e+07 0
10 0 0
0 0 1
1 1.99617e+07 0
11 0 0
0 0 1
1 1.69666e+07 0
12 0 0
0 0 1
1 1.53401e+07 0
13 0 0
0 0 1
1 1.5219e+07 0
14 0 0
0 0 1
1 1.59724e+07 0
15 0 0
0 0 1
1 1.7668e+07 0
16 0 0
0 0 1
1 1.77577e+07 0
17 0 0
0 0 1
1 1.5252e+07 0
18 0 0
0 0 1
1 1.18975e+07 0
19 0 0
0 0 1
1 9.22171e+06 0
20 0 0
0 0 1
1 7.10164e+06 0
21 0 0
0 0 1
1 5.73539e+06 0
22 0 0
0 0 1
1 4.62004e+06 0
23 0 0
0 0 1
1 3.85602e+06 0
24 0 0
0 0 1
1 3.25567e+06 0
25 0 0
0 0 1
1 2.95293e+06 0
26 0 0
0 0 1
1 2.63075e+06 0
27 0 0
0 0 1
1 2.44869e+06 0
28 0 0
0 0 1
1 2.19312e+06 0
29 0 0
0 0 1
1 2.11029e+06 0
30 0 0
0 0 1
1 1.99674e+06 0
-1 0 0
