91
1 0 0
0 0 1
1 4.09183e+08 0
2 0 0
0 0 1
1 3.19097e+08 0
3 0 0
0 0 1
1 2.27688e+08 0
4 0 0
0 0 1
1 1.56461e+08 0
5 0 0
0 0 1
1 1.06287e+08 0
6 0 0
0 0 1
1 7.16606e+07 0
7 0 0
0 0 1
1 4.88427e+07 0
8 0 0
0 0 1
1 3.42609e+07 0
9 0 0
0 0 1
1 2.5672e+07 0
10 0 0
0 0 1
1 2.05456e+07 0
11 0 0
0 0 1
1 1.80448e+07 0
12 0 0
0 0 1
1 1.70557e+07 0
13 0 0
0 0 1
1 1.79105e+07 0
14 0 0
0 0 1
1 1.88417e+07 0
15 0 0
0 0 1
1 1.88001e+07 0
16 0 0
0 0 1
1 1.72353e+07 0
17 0 0
0 0 1
1 1.4548e+07 0
18 0 0
0 0 1
1 1.14767e+07 0
19 0 0
0 0 1
1 9.04999e+06 0
20 0 0
0 0 1
1 7.12443e+06 0
21 0 0
0 0 1
1 5.82325e+06 0
22 0 0
0 0 1
1 4.75192e+06 0
23 0 0
0 0 1
1 4.06428e+06 0
24 0 0
0 0 1
1 3.4994e+06 0
25 0 0
0 0 1
1 3.20156e+06 0
26 0 0
0 0 1
1 2.85463e+06 0
27 0 0
0 0 1
1 2.6466e+06 0
28 0 0
0 0 1
1 2.40148e+06 0
29 0 0
0 0 1
1 2.28233e+06 0
30 0 0
0 0 1
1 2.08419e+06 0
-1 0 0
