91
1 0 0
0 0 1
1 3.03046e+08 0
2 0 0
0 0 1
1 2.20033e+08 0
3 0 0
0 0 1
1 1.17793e+08 0
4 0 0
0 0 1
1 5.91083e+07 0
5 0 0
0 0 1
1 4.29704e+07 0
6 0 0
0 0 1
1 3.3741e+07 0
7 0 0
0 0 1
1 1.81662e+07 0
8 0 0
0 0 1
1 8.72077e+06 0
9 0 0
0 0 1
1 9.72778e+06 0
10 0 0
0 0 1
1 1.01131e+07 0
11 0 0
0 0 1
1 5.19394e+06 0
12 0 0
0 0 1
1 2.41711e+06 0
13 0 0
0 0 1
1 4.84011e+06 0
14 0 0
0 0 1
1 6.32725e+06 0
15 0 0
0 0 1
1 4.74183e+06 0
16 0 0
0 0 1
1 5.4696e+06 0
17 0 0
0 0 1
1 9.53199e+06 0
18 0 0
0 0 1
1 1.05132e+07 0
19 0 0
0 0 1
1 6.12448e+06 0
20 0 0
0 0 1
1 2.2672e+06 0
21 0 0
0 0 1
1 2.59016e+06 0
22 0 0
0 0 1
1 3.27851e+06 0
23 0 0
0 0 1
1 1.35713e+06 0
24 0 0
0 0 1
1 -194956 0
25 0 0
0 0 1
1 914158 0
26 0 0
0 0 1
1 1.85686e+06 0
27 0 0
0 0 1
1 507407 0
28 0 0
0 0 1
1 -568398 0
29 0 0
0 0 1
1 602788 0
30 0 0
0 0 1
1 1.64877e+06 0
-1 0 0
