91
1 0 0
0 0 1
1 3.64467e+08 0
2 0 0
0 0 1
1 3.33689e+08 0
3 0 0
0 0 1
1 3.09585e+08 0
4 0 0
0 0 1
1 2.85993e+08 0
5 0 0
0 0 1
1 2.58361e+08 0
6 0 0
0 0 1
1 2.27741e+08 0
7 0 0
0 0 1
1 1.98304e+08 0
8 0 0
0 0 1
1 1.72936e+08 0
9 0 0
0 0 1
1 1.51631e+08 0
10 0 0
0 0 1
1 1.3301e+08 0
11 0 0
0 0 1
1 1.16317e+08 0
12 0 0
0 0 1
1 1.01771e+08 0
13 0 0
0 0 1
1 8.95776e+07 0
14 0 0
0 0 1
1 7.92077e+07 0
15 0 0
0 0 1
1 6.97586e+07 0
16 0 0
0 0 1
1 6.0716e+07 0
17 0 0
0 0 1
1 5.2159e+07 0
18 0 0
0 0 1
1 4.44216e+07 0
19 0 0
0 0 1
1 3.7785e+07 0
20 0 0
0 0 1
1 3.23592e+07 0
21 0 0
0 0 1
1 2.79776e+07 0
22 0 0
0 0 1
1 2.42283e+07 0
23 0 0
0 0 1
1 2.07881e+07 0
24 0 0
0 0 1
1 1.77058e+07 0
25 0 0
0 0 1
1 1.52022e+07 0
26 0 0
0 0 1
1 1.32759e+07 0
27 0 0
0 0 1
1 1.17091e+07 0
28 0 0
0 0 1
1 1.03838e+07 0
29 0 0
0 0 1
1 9.3398e+06 0
30 0 0
0 0 1
1 8.53858e+06 0
-1 0 0
