91
1 0 0
0 0 1
1 5.32223e+07 0
2 0 0
0 0 1
1 3.23056e+07 0
3 0 0
0 0 1
1 1.80822e+07 0
4 0 0
0 0 1
1 5.86598e+06 0
5 0 0
0 0 1
1 3.56479e+06 0
6 0 0
0 0 1
1 2.05704e+06 0
7 0 0
0 0 1
1 2.34077e+06 0
8 0 0
0 0 1
1 1.84946e+06 0
9 0 0
0 0 1
1 1.99859e+06 0
10 0 0
0 0 1
1 1.74597e+06 0
11 0 0
0 0 1
1 2.20607e+06 0
12 0 0
0 0 1
1 1.91008e+06 0
13 0 0
0 0 1
1 1.24067e+06 0
14 0 0
0 0 1
1 729885 0
15 0 0
0 0 1
1 398345 0
16 0 0
0 0 1
1 279274 0
17 0 0
0 0 1
1 412108 0
18 0 0
0 0 1
1 393667 0
19 0 0
0 0 1
1 365668 0
20 0 0
0 0 1
1 108526 0
21 0 0
0 0 1
1 347348 0
22 0 0
0 0 1
1 140223 0
23 0 0
0 0 1
1 83376 0
24 0 0
0 0 1
1 21069 0
25 0 0
0 0 1
1 282786 0
26 0 0
0 0 1
1 -137262 0
27 0 0
0 0 1
1 302499 0
28 0 0
0 0 1
1 127292 0
29 0 0
0 0 1
1 296798 0
30 0 0
0 0 1
1 82128 0
-1 0 0
