P 0
240.247399   240.019340
229.908765   229.680707
229.209387   228.966125
228.616436   228.357970
227.552164   227.278495
221.881120   221.637858
215.434678   215.191416
215.084989   214.826523
211.709729   211.466467
211.025554   210.767089
208.897012   208.638546
206.099500   205.841034
204.670335   204.411870
202.146493   201.903231
201.401503   201.158241
199.972339   199.698669
198.254301   197.980631
196.688302   196.399428
194.270886   193.997217
192.157548   191.883878
190.089821   189.816151
189.284016   189.055958
185.680698   185.437436
181.955749   181.712487
179.888022   179.583945
179.325479   179.082217
178.367635   178.109169
175.965423   175.722161
175.022783   174.764317
171.069776   170.826514
165.201081   164.957819
160.761550   160.533492
159.028308   158.785046
152.323400   152.095342
150.346897   150.103635
148.780898   148.522432
146.652356   146.363482
140.707641   140.342748
139.719390   139.445720
138.563895   138.320633
133.348967   133.090501
127.753941   127.449864
126.431204   126.187943
124.545924   124.317866
117.111230   116.852764
116.275017   116.031755
115.697270   115.469212
114.587387   114.344125
111.820282   111.561817
110.847235   110.588769
109.965410   109.706944
109.159605   108.916343
99.763611   99.535553
99.353106   99.094641
95.050410   94.822352
90.200375   89.972317
88.877638   88.512745
88.406318   88.163056
86.004106   85.700028
85.243912   85.000650
74.509978   74.236308
74.099473   73.856211
70.845844   70.556971
70.541767   70.344117
67.683439   67.440177
63.760840   63.517578
63.213500   62.985442
61.784336   61.449851
60.355172   60.096706
60.096706   59.853444
58.743561   58.454688
56.934301   56.706242
55.626767   55.353098
52.418750   52.145080
47.188618   46.945356
46.641278   46.398016
42.277767   42.034505
38.400779   38.142313
35.360005   35.086335
34.691034   34.447772
33.505132   33.201055
31.376590   31.133328
30.145076   29.886610
22.269470   22.011004
20.992345   20.749083
15.640581   15.382115
14.044175   13.816116
13.116738   12.858272
11.201050   10.957788
8.905265   8.631596
4.891443   4.632977
0.892824   0.603951
0.558339   0.299873
0.102223   -0.156243
-1.950300   -2.284785
-2.330397   -2.573659
-2.923348   -3.090590
-3.105794   -3.257833
-4.002823   -4.276493
