DU=C:/Bruker/XWIN-NMR, USER=cui, NAME=inosine, EXPNO=3, PROCNO=1
F1=152.402ppm, F2=60.402ppm, MI=1.00cm, MAXI=36.00cm, PC=1.500
     #     ADDRESS            FREQUENCY         INTENSITY
                           [Hz]        [PPM]
     1      6305.9    15200.328     151.0780         2.30
     2      6448.0    14983.059     148.9185         8.98
     3      6844.7    14376.260     142.8874         7.40
     4      7900.1    12761.794     126.8411         1.65
     5     10250.3     9166.665      91.1086         8.08
     6     10437.0     8881.005      88.2694        11.43
     7     11193.0     7724.618      76.7759        12.50
     8     11435.9     7353.042      73.0828        10.32
     9     12032.1     6440.943      64.0173         8.72
