91
1 0 0
0 0 1
1 2.88336e+08 0
2 0 0
0 0 1
1 2.33898e+08 0
3 0 0
0 0 1
1 1.70565e+08 0
4 0 0
0 0 1
1 1.14696e+08 0
5 0 0
0 0 1
1 7.91663e+07 0
6 0 0
0 0 1
1 6.06108e+07 0
7 0 0
0 0 1
1 4.72539e+07 0
8 0 0
0 0 1
1 3.4659e+07 0
9 0 0
0 0 1
1 2.63157e+07 0
10 0 0
0 0 1
1 2.29436e+07 0
11 0 0
0 0 1
1 2.03755e+07 0
12 0 0
0 0 1
1 1.703e+07 0
13 0 0
0 0 1
1 1.56026e+07 0
14 0 0
0 0 1
1 1.67004e+07 0
15 0 0
0 0 1
1 1.70585e+07 0
16 0 0
0 0 1
1 1.51228e+07 0
17 0 0
0 0 1
1 1.31017e+07 0
18 0 0
0 0 1
1 1.22238e+07 0
19 0 0
0 0 1
1 1.06471e+07 0
20 0 0
0 0 1
1 7.55989e+06 0
21 0 0
0 0 1
1 5.16782e+06 0
22 0 0
0 0 1
1 4.83045e+06 0
23 0 0
0 0 1
1 4.78545e+06 0
24 0 0
0 0 1
1 3.5251e+06 0
25 0 0
0 0 1
1 2.30274e+06 0
26 0 0
0 0 1
1 2.41625e+06 0
27 0 0
0 0 1
1 2.76558e+06 0
28 0 0
0 0 1
1 2.06887e+06 0
29 0 0
0 0 1
1 1.17309e+06 0
30 0 0
0 0 1
1 1.23383e+06 0
-1 0 0
