91
1 0 0
0 0 1
1 2.77176e+07 0
2 0 0
0 0 1
1 2.49207e+07 0
3 0 0
0 0 1
1 2.1742e+07 0
4 0 0
0 0 1
1 1.86159e+07 0
5 0 0
0 0 1
1 1.60003e+07 0
6 0 0
0 0 1
1 1.40287e+07 0
7 0 0
0 0 1
1 1.25032e+07 0
8 0 0
0 0 1
1 1.12032e+07 0
9 0 0
0 0 1
1 1.0066e+07 0
10 0 0
0 0 1
1 9.08602e+06 0
11 0 0
0 0 1
1 8.20105e+06 0
12 0 0
0 0 1
1 7.33563e+06 0
13 0 0
0 0 1
1 6.47114e+06 0
14 0 0
0 0 1
1 5.63165e+06 0
15 0 0
0 0 1
1 4.85692e+06 0
16 0 0
0 0 1
1 4.20192e+06 0
17 0 0
0 0 1
1 3.69906e+06 0
18 0 0
0 0 1
1 3.30547e+06 0
19 0 0
0 0 1
1 2.94186e+06 0
20 0 0
0 0 1
1 2.58763e+06 0
21 0 0
0 0 1
1 2.27882e+06 0
22 0 0
0 0 1
1 2.01534e+06 0
23 0 0
0 0 1
1 1.74729e+06 0
24 0 0
0 0 1
1 1.46591e+06 0
25 0 0
0 0 1
1 1.23002e+06 0
26 0 0
0 0 1
1 1.07419e+06 0
27 0 0
0 0 1
1 958643 0
28 0 0
0 0 1
1 840652 0
29 0 0
0 0 1
1 730472 0
30 0 0
0 0 1
1 640971 0
-1 0 0
