91
1 0 0
0 0 1
1 2.43287e+06 0
2 0 0
0 0 1
1 1.96728e+06 0
3 0 0
0 0 1
1 1.49998e+06 0
4 0 0
0 0 1
1 1.11149e+06 0
5 0 0
0 0 1
1 819384 0
6 0 0
0 0 1
1 593359 0
7 0 0
0 0 1
1 405235 0
8 0 0
0 0 1
1 271261 0
9 0 0
0 0 1
1 220753 0
10 0 0
0 0 1
1 227285 0
11 0 0
0 0 1
1 222570 0
12 0 0
0 0 1
1 188826 0
13 0 0
0 0 1
1 174975 0
14 0 0
0 0 1
1 198420 0
15 0 0
0 0 1
1 202861 0
16 0 0
0 0 1
1 155085 0
17 0 0
0 0 1
1 110279 0
18 0 0
0 0 1
1 120624 0
19 0 0
0 0 1
1 144817 0
20 0 0
0 0 1
1 121314 0
21 0 0
0 0 1
1 73939 0
22 0 0
0 0 1
1 61700 0
23 0 0
0 0 1
1 70906 0
24 0 0
0 0 1
1 47830 0
25 0 0
0 0 1
1 3346 0
26 0 0
0 0 1
1 -9292 0
27 0 0
0 0 1
1 2593 0
28 0 0
0 0 1
1 -14688 0
29 0 0
0 0 1
1 -56743 0
30 0 0
0 0 1
1 -63736 0
-1 0 0
