##TITLE= Parameter file, TOPSPIN		Version 2.1
##JCAMPDX= 5.0
##DATATYPE= Parameter Values
##NPOINTS= 24	$$ modification sequence number
##ORIGIN= Bruker BioSpin GmbH
##OWNER= mfjofre
$$ 2011-01-28 10:03:01.423 -0600  mfjofre@watusi.nmrfam.wisc.edu
$$ /banyo2/data/mfjofre/nmr/cq_00130-d2o-100mm-1-24-11/2/pdata/1/clevels
$$ process /opt/topspin/prog/mod/dataserver
##$LEVELS= (0..255)
-91680249 -76400207.5 -63666839.6 -53055699.7 -44213083.1 -36844235.9 -30703529.9
-25586274.9 -21321895.8 -17768246.5 -14806872.1 -12339060 -10282550 -8568791.7
-7140659.7 -5950549.8 -4958791.5 -4132326.2 -3443605.2 -2869671 -2391392.5
-1992827.1 -1660689.2 -1383907.7 -1153256.4 -961047 -800872.5 -667393.8
-556161.5 -463467.9 -386223.2 -321852.7 321852.7 386223.2 463467.9 556161.5
667393.8 800872.5 961047 1153256.4 1383907.7 1660689.2 1992827.1 2391392.5
2869671 3443605.2 4132326.2 4958791.5 5950549.8 7140659.7 8568791.7 10282550
12339060 14806872.1 17768246.5 21321895.8 25586274.9 30703529.9 36844235.9
44213083.1 53055699.7 63666839.6 76400207.5 91680249 0 0 0 0 0 0 0 0 0
0 0 0 0 0 0 0 0 0 0 0 0 0 0 0 0 0 0 0 0 0 0 0 0 0 0 0 0 0 0 0 0 0 0 0 0
0 0 0 0 0 0 0 0 0 0 0 0 0 0 0 0 0 0 0 0 0 0 0 0 0 0 0 0 0 0 0 0 0 0 0 0
0 0 0 0 0 0 0 0 0 0 0 0 0 0 0 0 0 0 0 0 0 0 0 0 0 0 0 0 0 0 0 0 0 0 0 0
0 0 0 0 0 0 0 0 0 0 0 0 0 0 0 0 0 0 0 0 0 0 0 0 0 0 0 0 0 0 0 0 0 0 0 0
0 0 0 0 0 0 0 0 0 0 0 0 0 0 0 0 0 0 0 0 0 0 0 0 0 0 0 0 0 0 0 0 0 0 0 0
0 0 0
##$LEVSIGN= 3
##$MAXLEV= 64
##$METHOD= 0
##$NEGBASE= -321852.7
##$NEGINCR= 1.2
##$POSBASE= 321852.7
##$POSINCR= 1.2
##END=
