DU=C:/Bruker/XWIN-NMR, USER=cui, NAME=expnmr_00359, EXPNO=1, PROCNO=1
F1=8.102ppm, F2=-0.398ppm, MI=0.12cm, MAXI=36.00cm, PC=3.000
     #     ADDRESS            FREQUENCY         INTENSITY
                           [Hz]        [PPM]
     1     22702.1     3476.169       6.9546         1.89
     2     22720.6     3474.201       6.9506         2.12
     3     22741.4     3471.973       6.9462         1.77
     4     22818.4     3463.747       6.9297         2.22
     5     23115.2     3432.030       6.8663         1.29
     6     23133.5     3430.082       6.8624         1.22
     7     23191.9     3423.832       6.8499         0.93
     8     23210.3     3421.875       6.8459         0.88
     9     32115.0     2470.360       4.9423         0.30
    10     32166.8     2464.836       4.9312         0.42
    11     32236.2     2457.420       4.9164         0.34
    12     32759.5     2401.493       4.8045         0.22
    13     39803.1     1648.855       3.2988         0.18
    14     39924.4     1635.897       3.2728         1.90
    15     39946.7     1633.511       3.2681         1.98
    16     39996.3     1628.218       3.2575         3.54
    17     40067.1     1620.645       3.2423         0.32
    18     42347.7     1376.955       2.7548        12.50
    19     55233.4        0.061       0.0001         1.22
