91
1 0 0
0 0 1
1 5.3159e+07 0
2 0 0
0 0 1
1 4.48323e+07 0
3 0 0
0 0 1
1 3.55792e+07 0
4 0 0
0 0 1
1 2.68113e+07 0
5 0 0
0 0 1
1 1.95497e+07 0
6 0 0
0 0 1
1 1.41795e+07 0
7 0 0
0 0 1
1 1.05269e+07 0
8 0 0
0 0 1
1 8.0919e+06 0
9 0 0
0 0 1
1 6.34544e+06 0
10 0 0
0 0 1
1 4.97794e+06 0
11 0 0
0 0 1
1 3.91672e+06 0
12 0 0
0 0 1
1 3.13697e+06 0
13 0 0
0 0 1
1 2.54272e+06 0
14 0 0
0 0 1
1 2.04541e+06 0
15 0 0
0 0 1
1 1.64279e+06 0
16 0 0
0 0 1
1 1.34754e+06 0
17 0 0
0 0 1
1 1.11265e+06 0
18 0 0
0 0 1
1 892481 0
19 0 0
0 0 1
1 712903 0
20 0 0
0 0 1
1 615772 0
21 0 0
0 0 1
1 584867 0
22 0 0
0 0 1
1 577163 0
23 0 0
0 0 1
1 573595 0
24 0 0
0 0 1
1 555440 0
25 0 0
0 0 1
1 491199 0
26 0 0
0 0 1
1 390732 0
27 0 0
0 0 1
1 310383 0
28 0 0
0 0 1
1 266996 0
29 0 0
0 0 1
1 217861 0
30 0 0
0 0 1
1 157140 0
-1 0 0
