91
1 0 0
0 0 1
1 1.96203e+07 0
2 0 0
0 0 1
1 1.47808e+07 0
3 0 0
0 0 1
1 1.05178e+07 0
4 0 0
0 0 1
1 7.88986e+06 0
5 0 0
0 0 1
1 6.26996e+06 0
6 0 0
0 0 1
1 5.05914e+06 0
7 0 0
0 0 1
1 4.31015e+06 0
8 0 0
0 0 1
1 3.97365e+06 0
9 0 0
0 0 1
1 3.47532e+06 0
10 0 0
0 0 1
1 2.31868e+06 0
11 0 0
0 0 1
1 755492 0
12 0 0
0 0 1
1 -336139 0
13 0 0
0 0 1
1 -217404 0
14 0 0
0 0 1
1 977062 0
15 0 0
0 0 1
1 2.2434e+06 0
16 0 0
0 0 1
1 2.64293e+06 0
17 0 0
0 0 1
1 2.23394e+06 0
18 0 0
0 0 1
1 1.76904e+06 0
19 0 0
0 0 1
1 1.52507e+06 0
20 0 0
0 0 1
1 1.0224e+06 0
21 0 0
0 0 1
1 65776 0
22 0 0
0 0 1
1 -653311 0
23 0 0
0 0 1
1 -496191 0
24 0 0
0 0 1
1 129019 0
25 0 0
0 0 1
1 354916 0
26 0 0
0 0 1
1 63410 0
27 0 0
0 0 1
1 -176722 0
28 0 0
0 0 1
1 -128863 0
29 0 0
0 0 1
1 -101847 0
30 0 0
0 0 1
1 -214478 0
-1 0 0
