91
1 0 0
0 0 1
1 2.11062e+07 0
2 0 0
0 0 1
1 1.79677e+07 0
3 0 0
0 0 1
1 1.45448e+07 0
4 0 0
0 0 1
1 1.15376e+07 0
5 0 0
0 0 1
1 9.18042e+06 0
6 0 0
0 0 1
1 7.40044e+06 0
7 0 0
0 0 1
1 6.02656e+06 0
8 0 0
0 0 1
1 4.92826e+06 0
9 0 0
0 0 1
1 4.06689e+06 0
10 0 0
0 0 1
1 3.45157e+06 0
11 0 0
0 0 1
1 3.05154e+06 0
12 0 0
0 0 1
1 2.77225e+06 0
13 0 0
0 0 1
1 2.52622e+06 0
14 0 0
0 0 1
1 2.30174e+06 0
15 0 0
0 0 1
1 2.13737e+06 0
16 0 0
0 0 1
1 2.04273e+06 0
17 0 0
0 0 1
1 1.97694e+06 0
18 0 0
0 0 1
1 1.90772e+06 0
19 0 0
0 0 1
1 1.85869e+06 0
20 0 0
0 0 1
1 1.87455e+06 0
21 0 0
0 0 1
1 1.95954e+06 0
22 0 0
0 0 1
1 2.08285e+06 0
23 0 0
0 0 1
1 2.23542e+06 0
24 0 0
0 0 1
1 2.44309e+06 0
25 0 0
0 0 1
1 2.72378e+06 0
26 0 0
0 0 1
1 3.07736e+06 0
27 0 0
0 0 1
1 3.53212e+06 0
28 0 0
0 0 1
1 4.15651e+06 0
29 0 0
0 0 1
1 4.99966e+06 0
30 0 0
0 0 1
1 6.05618e+06 0
-1 0 0
